'Request type'	'Load'	'Bucket'	'Start time'	'Absolute'	'Percent of requests'	'End time'	'Absolute'	'Percent of requests'	'Residence time'	'Absolute'	'Percent of requests'	'Theor. think time'	'Absolute'	'Percent of requests'	'Actual think time'	'Absolute'	'Percent of requests'
CassandraWriteRequest	2000	0	1500.0	5997	0.5058915230903164	1500.0	5991	0.5053853784949284	2.0	655256	55.275713832594356	4.5	1185432	100.0	4.5	1185432	100.0
CassandraWriteRequest	2000	1	4500.0	5969	0.5035295149785057	4500.0	5971	0.503698229843635	6.0	275151	23.211031927601077	13.5	0	0.0	13.5	0	0.0
CassandraWriteRequest	2000	2	7500.0	5982	0.5046261616018464	7500.0	5983	0.504710519034411	10.0	108584	9.159867457601953	22.5	0	0.0	22.5	0	0.0
CassandraWriteRequest	2000	3	10500.0	5989	0.5052166636297991	10500.0	5964	0.5031077278156824	14.0	56561	4.771340743290209	31.5	0	0.0	31.5	0	0.0
CassandraWriteRequest	2000	4	13500.0	5913	0.4988054987548843	13500.0	5935	0.500661362271307	18.0	31626	2.667888162290203	40.5	0	0.0	40.5	0	0.0
CassandraWriteRequest	2000	5	16500.0	5986	0.5049635913321051	16500.0	5988	0.5051323061972344	22.0	18849	1.5900532464114348	49.5	0	0.0	49.5	0	0.0
CassandraWriteRequest	2000	6	19500.0	5993	0.5055540933600577	19500.0	5997	0.5058915230903164	26.0	11448	0.9657238880003238	58.5	0	0.0	58.5	0	0.0
CassandraWriteRequest	2000	7	22500.0	5976	0.5041200170064584	22500.0	5966	0.5032764426808117	30.0	6841	0.5770891961748965	67.5	0	0.0	67.5	0	0.0
CassandraWriteRequest	2000	8	25500.0	5958	0.5026015832202944	25500.0	5955	0.5023485109226004	34.0	4268	0.36003752218600477	76.5	0	0.0	76.5	0	0.0
CassandraWriteRequest	2000	9	28500.0	5944	0.501420579164389	28500.0	5913	0.4988054987548843	38.0	2651	0.22363155372893592	85.5	0	0.0	85.5	0	0.0
CassandraWriteRequest	2000	10	31500.0	5930	0.5002395751084836	31500.0	5965	0.503192085248247	42.0	1989	0.16778693337112546	94.5	0	0.0	94.5	0	0.0
CassandraWriteRequest	2000	11	34500.0	5940	0.5010831494341303	34500.0	5898	0.4975401372664142	46.0	1734	0.146275788067135	103.5	0	0.0	103.5	0	0.0
CassandraWriteRequest	2000	12	37500.0	5924	0.4997334305130956	37500.0	5935	0.500661362271307	50.0	928	0.07828369742001227	112.5	0	0.0	112.5	0	0.0
CassandraWriteRequest	2000	13	40500.0	5909	0.4984680690246256	40500.0	5939	0.5009987920015656	54.0	715	0.06031556428373791	121.5	0	0.0	121.5	0	0.0
CassandraWriteRequest	2000	14	43500.0	5782	0.4877546750889127	43500.0	5750	0.4850552372468433	58.0	463	0.03905749127744147	130.5	0	0.0	130.5	0	0.0
CassandraWriteRequest	2000	15	46500.0	5821	0.49104461495893476	46500.0	5856	0.49399712509869814	62.0	505	0.04260050344515754	139.5	0	0.0	139.5	0	0.0
CassandraWriteRequest	2000	16	49500.0	5977	0.504204374439023	49500.0	5984	0.5047948764669757	66.0	408	0.034417832486384706	148.5	0	0.0	148.5	0	0.0
CassandraWriteRequest	2000	17	52500.0	5948	0.5017580088946476	52500.0	5940	0.5010831494341303	70.0	439	0.037032912895889426	157.5	0	0.0	157.5	0	0.0
CassandraWriteRequest	2000	18	55500.0	5983	0.504710519034411	55500.0	5988	0.5051323061972344	74.0	424	0.035767551407419405	166.5	0	0.0	166.5	0	0.0
CassandraWriteRequest	2000	19	58500.0	5986	0.5049635913321051	58500.0	5988	0.5051323061972344	78.0	458	0.03863570411461813	175.5	0	0.0	175.5	0	0.0
CassandraWriteRequest	2000	20	61500.0	5981	0.5045418041692817	61500.0	5964	0.5031077278156824	82.0	466	0.039310563575135474	184.5	0	0.0	184.5	0	0.0
CassandraWriteRequest	2000	21	64500.0	5965	0.503192085248247	64500.0	5979	0.5043730893041524	86.0	466	0.039310563575135474	193.5	0	0.0	193.5	0	0.0
CassandraWriteRequest	2000	22	67500.0	5893	0.4971183501035909	67500.0	5866	0.49484069942434483	90.0	494	0.04167257168694619	202.5	0	0.0	202.5	0	0.0
CassandraWriteRequest	2000	23	70500.0	5902	0.4978775669966729	70500.0	5884	0.4963591332105089	94.0	422	0.03559883654229007	211.5	0	0.0	211.5	0	0.0
CassandraWriteRequest	2000	24	73500.0	5895	0.4972870649687202	73500.0	5938	0.500914434569001	98.0	370	0.03121225004892731	220.5	0	0.0	220.5	0	0.0
CassandraWriteRequest	2000	25	76500.0	5946	0.5015892940295184	76500.0	5946	0.5015892940295184	102.0	365	0.030790462886103966	229.5	0	0.0	229.5	0	0.0
CassandraWriteRequest	2000	26	79500.0	5964	0.5031077278156824	79500.0	5967	0.5033608001133764	106.0	276	0.02328265138784848	238.5	0	0.0	238.5	0	0.0
CassandraWriteRequest	2000	27	82500.0	5996	0.5058071656577517	82500.0	5970	0.5036138724110704	110.0	249	0.021005000708602433	247.5	0	0.0	247.5	0	0.0
CassandraWriteRequest	2000	28	85500.0	5896	0.4973714224012849	85500.0	5925	0.4998177879456603	114.0	251	0.02117371557373177	256.5	0	0.0	256.5	0	0.0
CassandraWriteRequest	2000	29	88500.0	5965	0.503192085248247	88500.0	5963	0.5030233703831177	118.0	187	0.015774839889592992	265.5	0	0.0	265.5	0	0.0
CassandraWriteRequest	2000	30	91500.0	5969	0.5035295149785057	91500.0	5954	0.5022641534900357	122.0	202	0.017040201378063016	274.5	0	0.0	274.5	0	0.0
CassandraWriteRequest	2000	31	94500.0	5983	0.504710519034411	94500.0	5982	0.5046261616018464	126.0	190	0.016027912187286997	283.5	0	0.0	283.5	0	0.0
CassandraWriteRequest	2000	32	97500.0	5972	0.5037825872761997	97500.0	5990	0.5053010210623637	130.0	197	0.016618414215239675	292.5	0	0.0	292.5	0	0.0
CassandraWriteRequest	2000	33	100500.0	5985	0.5048792338995404	100500.0	5983	0.504710519034411	134.0	183	0.015437410159334317	301.5	0	0.0	301.5	0	0.0
CassandraWriteRequest	2000	34	103500.0	5994	0.5056384507926224	103500.0	5996	0.5058071656577517	138.0	151	0.012737972317264928	310.5	0	0.0	310.5	0	0.0
CassandraWriteRequest	2000	35	106500.0	5825	0.49138204468919344	106500.0	5825	0.49138204468919344	142.0	115	0.009701104744936866	319.5	0	0.0	319.5	0	0.0
CassandraWriteRequest	2000	36	109500.0	5995	0.5057228082251871	109500.0	5995	0.5057228082251871	146.0	133	0.011219538531100897	328.5	0	0.0	328.5	0	0.0
CassandraWriteRequest	2000	37	112500.0	5998	0.5059758805228811	112500.0	5998	0.5059758805228811	150.0	122	0.010291606772889546	337.5	0	0.0	337.5	0	0.0
CassandraWriteRequest	2000	38	115500.0	5995	0.5057228082251871	115500.0	5957	0.5025172257877297	154.0	135	0.011388253396230234	346.5	0	0.0	346.5	0	0.0
CassandraWriteRequest	2000	39	118500.0	5911	0.4986367838897549	118500.0	5938	0.500914434569001	158.0	57	0.004808373656186099	355.5	0	0.0	355.5	0	0.0
CassandraWriteRequest	2000	40	121500.0	5886	0.4965278480756382	121500.0	5881	0.4961060609128149	162.0	66	0.005567590549268114	364.5	0	0.0	364.5	0	0.0
CassandraWriteRequest	2000	41	124500.0	5923	0.49964907308053097	124500.0	5937	0.5008300771364363	166.0	93	0.007845241228514162	373.5	0	0.0	373.5	0	0.0
CassandraWriteRequest	2000	42	127500.0	5977	0.504204374439023	127500.0	5979	0.5043730893041524	170.0	61	0.005145803386444773	382.5	0	0.0	382.5	0	0.0
CassandraWriteRequest	2000	43	130500.0	5918	0.4992272859177076	130500.0	5918	0.4992272859177076	174.0	69	0.00582066284696212	391.5	0	0.0	391.5	0	0.0
CassandraWriteRequest	2000	44	133500.0	5991	0.5053853784949284	133500.0	5932	0.500408289973613	178.0	59	0.0049770885213154354	400.5	0	0.0	400.5	0	0.0
CassandraWriteRequest	2000	45	136500.0	5932	0.500408289973613	136500.0	5991	0.5053853784949284	182.0	77	0.006495522307479467	409.5	0	0.0	409.5	0	0.0
CassandraWriteRequest	2000	46	139500.0	5699	0.4807530081860452	139500.0	5641	0.47586027709729445	186.0	58	0.004892731088750767	418.5	0	0.0	418.5	0	0.0
CassandraWriteRequest	2000	47	142500.0	5861	0.4944189122615215	142500.0	5912	0.4987211413223196	190.0	50	0.00421787162823342	427.5	0	0.0	427.5	0	0.0
CassandraWriteRequest	2000	48	145500.0	5967	0.5033608001133764	145500.0	5974	0.503951302141329	194.0	33	0.002783795274634057	436.5	0	0.0	436.5	0	0.0
CassandraWriteRequest	2000	49	148500.0	5998	0.5059758805228811	148500.0	5998	0.5059758805228811	198.0	22	0.0018558635164227049	445.5	0	0.0	445.5	0	0.0
CassandraWriteRequest	2000	50	151500.0	5996	0.5058071656577517	151500.0	5996	0.5058071656577517	202.0	31	0.0026150804095047206	454.5	0	0.0	454.5	0	0.0
CassandraWriteRequest	2000	51	154500.0	6000	0.5061445953880104	154500.0	6000	0.5061445953880104	206.0	51	0.004302229060798088	463.5	0	0.0	463.5	0	0.0
CassandraWriteRequest	2000	52	157500.0	6000	0.5061445953880104	157500.0	6000	0.5061445953880104	210.0	31	0.0026150804095047206	472.5	0	0.0	472.5	0	0.0
CassandraWriteRequest	2000	53	160500.0	5985	0.5048792338995404	160500.0	5983	0.504710519034411	214.0	33	0.002783795274634057	481.5	0	0.0	481.5	0	0.0
CassandraWriteRequest	2000	54	163500.0	5979	0.5043730893041524	163500.0	5956	0.502432868355165	218.0	53	0.004470943925927426	490.5	0	0.0	490.5	0	0.0
CassandraWriteRequest	2000	55	166500.0	5957	0.5025172257877297	166500.0	5972	0.5037825872761997	222.0	41	0.0034586547351514044	499.5	0	0.0	499.5	0	0.0
CassandraWriteRequest	2000	56	169500.0	5917	0.4991429284851429	169500.0	5917	0.4991429284851429	226.0	43	0.0036273696002807414	508.5	0	0.0	508.5	0	0.0
CassandraWriteRequest	2000	57	172500.0	5896	0.4973714224012849	172500.0	5872	0.49534684401973283	230.0	58	0.004892731088750767	517.5	0	0.0	517.5	0	0.0
CassandraWriteRequest	2000	58	175500.0	5949	0.5018423663272124	175500.0	5976	0.5041200170064584	234.0	24	0.0020245783815520417	526.5	0	0.0	526.5	0	0.0
CassandraWriteRequest	2000	59	178500.0	5970	0.5036138724110704	178500.0	5969	0.5035295149785057	238.0	2	1.687148651293368E-4	535.5	0	0.0	535.5	0	0.0
CassandraWriteRequest	2000	60	181500.0	5986	0.5049635913321051	181500.0	5994	0.5056384507926224	242.0	0	0.0	544.5	0	0.0	544.5	0	0.0
CassandraWriteRequest	2000	61	184500.0	5967	0.5033608001133764	184500.0	5958	0.5026015832202944	246.0	1	8.43574325646684E-5	553.5	0	0.0	553.5	0	0.0
CassandraWriteRequest	2000	62	187500.0	5980	0.504457446736717	187500.0	5960	0.5027702980854237	250.0	0	0.0	562.5	0	0.0	562.5	0	0.0
CassandraWriteRequest	2000	63	190500.0	5971	0.503698229843635	190500.0	6000	0.5061445953880104	254.0	1	8.43574325646684E-5	571.5	0	0.0	571.5	0	0.0
CassandraWriteRequest	2000	64	193500.0	5985	0.5048792338995404	193500.0	5981	0.5045418041692817	258.0	1	8.43574325646684E-5	580.5	0	0.0	580.5	0	0.0
CassandraWriteRequest	2000	65	196500.0	5952	0.5020954386249064	196500.0	5956	0.502432868355165	262.0	1	8.43574325646684E-5	589.5	0	0.0	589.5	0	0.0
CassandraWriteRequest	2000	66	199500.0	5992	0.5054697359274931	199500.0	5938	0.500914434569001	266.0	2	1.687148651293368E-4	598.5	0	0.0	598.5	0	0.0
CassandraWriteRequest	2000	67	202500.0	5655	0.4770412811531998	202500.0	5645	0.47619770682755314	270.0	0	0.0	607.5	0	0.0	607.5	0	0.0
CassandraWriteRequest	2000	68	205500.0	5879	0.4959373460476855	205500.0	5935	0.500661362271307	274.0	1	8.43574325646684E-5	616.5	0	0.0	616.5	0	0.0
CassandraWriteRequest	2000	69	208500.0	5796	0.48893567914481806	208500.0	5791	0.48851389198199474	278.0	1	8.43574325646684E-5	625.5	0	0.0	625.5	0	0.0
CassandraWriteRequest	2000	70	211500.0	5953	0.502179796057471	211500.0	5966	0.5032764426808117	282.0	1	8.43574325646684E-5	634.5	0	0.0	634.5	0	0.0
CassandraWriteRequest	2000	71	214500.0	5685	0.4795720041301399	214500.0	5685	0.4795720041301399	286.0	1	8.43574325646684E-5	643.5	0	0.0	643.5	0	0.0
CassandraWriteRequest	2000	72	217500.0	6000	0.5061445953880104	217500.0	6000	0.5061445953880104	290.0	2	1.687148651293368E-4	652.5	0	0.0	652.5	0	0.0
CassandraWriteRequest	2000	73	220500.0	6000	0.5061445953880104	220500.0	6000	0.5061445953880104	294.0	0	0.0	661.5	0	0.0	661.5	0	0.0
CassandraWriteRequest	2000	74	223500.0	6000	0.5061445953880104	223500.0	6000	0.5061445953880104	298.0	3	2.530722976940052E-4	670.5	0	0.0	670.5	0	0.0
CassandraWriteRequest	2000	75	226500.0	6000	0.5061445953880104	226500.0	6000	0.5061445953880104	302.0	5	4.21787162823342E-4	679.5	0	0.0	679.5	0	0.0
CassandraWriteRequest	2000	76	229500.0	6000	0.5061445953880104	229500.0	6000	0.5061445953880104	306.0	7	5.905020279526788E-4	688.5	0	0.0	688.5	0	0.0
CassandraWriteRequest	2000	77	232500.0	5998	0.5059758805228811	232500.0	5936	0.5007457197038716	310.0	17	0.0014340763535993627	697.5	0	0.0	697.5	0	0.0
CassandraWriteRequest	2000	78	235500.0	5828	0.49163511698688744	235500.0	5833	0.4920569041497108	314.0	2	1.687148651293368E-4	706.5	0	0.0	706.5	0	0.0
CassandraWriteRequest	2000	79	238500.0	5907	0.4982993541594963	238500.0	5934	0.5005770048387423	318.0	1	8.43574325646684E-5	715.5	0	0.0	715.5	0	0.0
CassandraWriteRequest	2000	80	241500.0	5874	0.4955155588848622	241500.0	5901	0.4977932095641082	322.0	2	1.687148651293368E-4	724.5	0	0.0	724.5	0	0.0
CassandraWriteRequest	2000	81	244500.0	5882	0.4961904183453795	244500.0	5822	0.49112897239149944	326.0	0	0.0	733.5	0	0.0	733.5	0	0.0
CassandraWriteRequest	2000	82	247500.0	5795	0.4888513217122534	247500.0	5844	0.49298483590792214	330.0	0	0.0	742.5	0	0.0	742.5	0	0.0
CassandraWriteRequest	2000	83	250500.0	5980	0.504457446736717	250500.0	5964	0.5031077278156824	334.0	1	8.43574325646684E-5	751.5	0	0.0	751.5	0	0.0
CassandraWriteRequest	2000	84	253500.0	5635	0.47535413250190645	253500.0	5601	0.47248597979470774	338.0	0	0.0	760.5	0	0.0	760.5	0	0.0
CassandraWriteRequest	2000	85	256500.0	5864	0.4946719845592155	256500.0	5914	0.4988898561874489	342.0	0	0.0	769.5	0	0.0	769.5	0	0.0
CassandraWriteRequest	2000	86	259500.0	5967	0.5033608001133764	259500.0	5977	0.504204374439023	346.0	0	0.0	778.5	0	0.0	778.5	0	0.0
CassandraWriteRequest	2000	87	262500.0	5964	0.5031077278156824	262500.0	5964	0.5031077278156824	350.0	0	0.0	787.5	0	0.0	787.5	0	0.0
CassandraWriteRequest	2000	88	265500.0	5985	0.5048792338995404	265500.0	5986	0.5049635913321051	354.0	0	0.0	796.5	0	0.0	796.5	0	0.0
CassandraWriteRequest	2000	89	268500.0	5940	0.5010831494341303	268500.0	5935	0.500661362271307	358.0	0	0.0	805.5	0	0.0	805.5	0	0.0
CassandraWriteRequest	2000	90	271500.0	5990	0.5053010210623637	271500.0	5977	0.504204374439023	362.0	0	0.0	814.5	0	0.0	814.5	0	0.0
CassandraWriteRequest	2000	91	274500.0	5940	0.5010831494341303	274500.0	5951	0.5020110811923416	366.0	0	0.0	823.5	0	0.0	823.5	0	0.0
CassandraWriteRequest	2000	92	277500.0	5974	0.503951302141329	277500.0	5983	0.504710519034411	370.0	0	0.0	832.5	0	0.0	832.5	0	0.0
CassandraWriteRequest	2000	93	280500.0	5961	0.5028546555179884	280500.0	5948	0.5017580088946476	374.0	0	0.0	841.5	0	0.0	841.5	0	0.0
CassandraWriteRequest	2000	94	283500.0	5606	0.47290776695753106	283500.0	5620	0.47408877101343644	378.0	0	0.0	850.5	0	0.0	850.5	0	0.0
CassandraWriteRequest	2000	95	286500.0	5936	0.5007457197038716	286500.0	5934	0.5005770048387423	382.0	0	0.0	859.5	0	0.0	859.5	0	0.0
CassandraWriteRequest	2000	96	289500.0	5998	0.5059758805228811	289500.0	6000	0.5061445953880104	386.0	0	0.0	868.5	0	0.0	868.5	0	0.0
CassandraWriteRequest	2000	97	292500.0	5999	0.5060602379554457	292500.0	5998	0.5059758805228811	390.0	0	0.0	877.5	0	0.0	877.5	0	0.0
CassandraWriteRequest	2000	98	295500.0	5997	0.5058915230903164	295500.0	5995	0.5057228082251871	394.0	0	0.0	886.5	0	0.0	886.5	0	0.0
CassandraWriteRequest	2000	99	298500.0	5986	0.5049635913321051	298500.0	5989	0.5052166636297991	398.0	0	0.0	895.5	0	0.0	895.5	0	0.0
CassandraWriteRequest	2000	100	301500.0	5983	0.504710519034411	301500.0	5977	0.504204374439023	402.0	0	0.0	904.5	0	0.0	904.5	0	0.0
CassandraWriteRequest	2000	101	304500.0	5983	0.504710519034411	304500.0	5980	0.504457446736717	406.0	0	0.0	913.5	0	0.0	913.5	0	0.0
CassandraWriteRequest	2000	102	307500.0	5969	0.5035295149785057	307500.0	5976	0.5041200170064584	410.0	0	0.0	922.5	0	0.0	922.5	0	0.0
CassandraWriteRequest	2000	103	310500.0	5939	0.5009987920015656	310500.0	5941	0.501167506866695	414.0	0	0.0	931.5	0	0.0	931.5	0	0.0
CassandraWriteRequest	2000	104	313500.0	5818	0.49079154266124075	313500.0	5818	0.49079154266124075	418.0	0	0.0	940.5	0	0.0	940.5	0	0.0
CassandraWriteRequest	2000	105	316500.0	5694	0.4803312210232219	316500.0	5630	0.47493234533908313	422.0	0	0.0	949.5	0	0.0	949.5	0	0.0
CassandraWriteRequest	2000	106	319500.0	5684	0.4794876466975752	319500.0	5725	0.4829463014327266	426.0	0	0.0	958.5	0	0.0	958.5	0	0.0
CassandraWriteRequest	2000	107	322500.0	5963	0.5030233703831177	322500.0	5986	0.5049635913321051	430.0	0	0.0	967.5	0	0.0	967.5	0	0.0
CassandraWriteRequest	2000	108	325500.0	6000	0.5061445953880104	325500.0	5997	0.5058915230903164	434.0	1	8.43574325646684E-5	976.5	0	0.0	976.5	0	0.0
CassandraWriteRequest	2000	109	328500.0	5849	0.4934066230707455	328500.0	5851	0.4935753379358748	438.0	8	6.748594605173472E-4	985.5	0	0.0	985.5	0	0.0
CassandraWriteRequest	2000	110	331500.0	5997	0.5058915230903164	331500.0	5998	0.5059758805228811	442.0	6	5.061445953880104E-4	994.5	0	0.0	994.5	0	0.0
CassandraWriteRequest	2000	111	334500.0	6000	0.5061445953880104	334500.0	6000	0.5061445953880104	446.0	2	1.687148651293368E-4	1003.5	0	0.0	1003.5	0	0.0
CassandraWriteRequest	2000	112	337500.0	5998	0.5059758805228811	337500.0	5998	0.5059758805228811	450.0	2	1.687148651293368E-4	1012.5	0	0.0	1012.5	0	0.0
CassandraWriteRequest	2000	113	340500.0	5993	0.5055540933600577	340500.0	5992	0.5054697359274931	454.0	1	8.43574325646684E-5	1021.5	0	0.0	1021.5	0	0.0
CassandraWriteRequest	2000	114	343500.0	5979	0.5043730893041524	343500.0	5976	0.5041200170064584	458.0	1	8.43574325646684E-5	1030.5	0	0.0	1030.5	0	0.0
CassandraWriteRequest	2000	115	346500.0	5954	0.5022641534900357	346500.0	5926	0.49990214537822497	462.0	2	1.687148651293368E-4	1039.5	0	0.0	1039.5	0	0.0
CassandraWriteRequest	2000	116	349500.0	5944	0.501420579164389	349500.0	5971	0.503698229843635	466.0	0	0.0	1048.5	0	0.0	1048.5	0	0.0
CassandraWriteRequest	2000	117	352500.0	5951	0.5020110811923416	352500.0	5956	0.502432868355165	470.0	2	1.687148651293368E-4	1057.5	0	0.0	1057.5	0	0.0
CassandraWriteRequest	2000	118	355500.0	5959	0.502685940652859	355500.0	5895	0.4972870649687202	474.0	0	0.0	1066.5	0	0.0	1066.5	0	0.0
CassandraWriteRequest	2000	119	358500.0	5913	0.4988054987548843	358500.0	5963	0.5030233703831177	478.0	1	8.43574325646684E-5	1075.5	0	0.0	1075.5	0	0.0
CassandraWriteRequest	2000	120	361500.0	5986	0.5049635913321051	361500.0	5996	0.5058071656577517	482.0	0	0.0	1084.5	0	0.0	1084.5	0	0.0
CassandraWriteRequest	2000	121	364500.0	5878	0.4958529886151209	364500.0	5882	0.4961904183453795	486.0	2	1.687148651293368E-4	1093.5	0	0.0	1093.5	0	0.0
CassandraWriteRequest	2000	122	367500.0	5995	0.5057228082251871	367500.0	5995	0.5057228082251871	490.0	1	8.43574325646684E-5	1102.5	0	0.0	1102.5	0	0.0
CassandraWriteRequest	2000	123	370500.0	5894	0.4972027075361556	370500.0	5830	0.4918038318520168	494.0	0	0.0	1111.5	0	0.0	1111.5	0	0.0
CassandraWriteRequest	2000	124	373500.0	4753	0.4009508769798689	373500.0	4816	0.406265395231443	498.0	2	1.687148651293368E-4	1120.5	0	0.0	1120.5	0	0.0
CassandraWriteRequest	2000	125	376500.0	5998	0.5059758805228811	376500.0	5988	0.5051323061972344	502.0	0	0.0	1129.5	0	0.0	1129.5	0	0.0
CassandraWriteRequest	2000	126	379500.0	5917	0.4991429284851429	379500.0	5921	0.4994803582154016	506.0	1	8.43574325646684E-5	1138.5	0	0.0	1138.5	0	0.0
CassandraWriteRequest	2000	127	382500.0	5890	0.4968652778058969	382500.0	5843	0.49290047847535745	510.0	2	1.687148651293368E-4	1147.5	0	0.0	1147.5	0	0.0
CassandraWriteRequest	2000	128	385500.0	5919	0.4993116433502723	385500.0	5970	0.5036138724110704	514.0	0	0.0	1156.5	0	0.0	1156.5	0	0.0
CassandraWriteRequest	2000	129	388500.0	5995	0.5057228082251871	388500.0	5984	0.5047948764669757	518.0	2	1.687148651293368E-4	1165.5	0	0.0	1165.5	0	0.0
CassandraWriteRequest	2000	130	391500.0	5956	0.502432868355165	391500.0	5932	0.500408289973613	522.0	1	8.43574325646684E-5	1174.5	0	0.0	1174.5	0	0.0
CassandraWriteRequest	2000	131	394500.0	5904	0.4980462818618023	394500.0	5942	0.5012518642992596	526.0	0	0.0	1183.5	0	0.0	1183.5	0	0.0
CassandraWriteRequest	2000	132	397500.0	5981	0.5045418041692817	397500.0	5974	0.503951302141329	530.0	0	0.0	1192.5	0	0.0	1192.5	0	0.0
CassandraWriteRequest	2000	133	400500.0	5959	0.502685940652859	400500.0	5963	0.5030233703831177	534.0	0	0.0	1201.5	0	0.0	1201.5	0	0.0
CassandraWriteRequest	2000	134	403500.0	5991	0.5053853784949284	403500.0	5994	0.5056384507926224	538.0	0	0.0	1210.5	0	0.0	1210.5	0	0.0
CassandraWriteRequest	2000	135	406500.0	5998	0.5059758805228811	406500.0	5998	0.5059758805228811	542.0	0	0.0	1219.5	0	0.0	1219.5	0	0.0
CassandraWriteRequest	2000	136	409500.0	5840	0.49264740617766345	409500.0	5840	0.49264740617766345	546.0	0	0.0	1228.5	0	0.0	1228.5	0	0.0
CassandraWriteRequest	2000	137	412500.0	5902	0.4978775669966729	412500.0	5838	0.49247869131253413	550.0	0	0.0	1237.5	0	0.0	1237.5	0	0.0
CassandraWriteRequest	2000	138	415500.0	5777	0.48733288792608936	415500.0	5814	0.49045411293098207	554.0	0	0.0	1246.5	0	0.0	1246.5	0	0.0
CassandraWriteRequest	2000	139	418500.0	5949	0.5018423663272124	418500.0	5967	0.5033608001133764	558.0	0	0.0	1255.5	0	0.0	1255.5	0	0.0
CassandraWriteRequest	2000	140	421500.0	5950	0.501926723759777	421500.0	5956	0.502432868355165	562.0	0	0.0	1264.5	0	0.0	1264.5	0	0.0
CassandraWriteRequest	2000	141	424500.0	5996	0.5058071656577517	424500.0	5971	0.503698229843635	566.0	0	0.0	1273.5	0	0.0	1273.5	0	0.0
CassandraWriteRequest	2000	142	427500.0	5954	0.5022641534900357	427500.0	5980	0.504457446736717	570.0	0	0.0	1282.5	0	0.0	1282.5	0	0.0
CassandraWriteRequest	2000	143	430500.0	5955	0.5023485109226004	430500.0	5896	0.4973714224012849	574.0	0	0.0	1291.5	0	0.0	1291.5	0	0.0
CassandraWriteRequest	2000	144	433500.0	5653	0.47687256628807045	433500.0	5714	0.4820183696745153	578.0	0	0.0	1300.5	0	0.0	1300.5	0	0.0
CassandraWriteRequest	2000	145	436500.0	5854	0.4938284102335688	436500.0	5841	0.49273176361022814	582.0	0	0.0	1309.5	0	0.0	1309.5	0	0.0
CassandraWriteRequest	2000	146	439500.0	5944	0.501420579164389	439500.0	5935	0.500661362271307	586.0	0	0.0	1318.5	0	0.0	1318.5	0	0.0
CassandraWriteRequest	2000	147	442500.0	5939	0.5009987920015656	442500.0	5950	0.501926723759777	590.0	0	0.0	1327.5	0	0.0	1327.5	0	0.0
CassandraWriteRequest	2000	148	445500.0	5983	0.504710519034411	445500.0	5994	0.5056384507926224	594.0	0	0.0	1336.5	0	0.0	1336.5	0	0.0
CassandraWriteRequest	2000	149	448500.0	6000	0.5061445953880104	448500.0	6000	0.5061445953880104	598.0	0	0.0	1345.5	0	0.0	1345.5	0	0.0
CassandraWriteRequest	2000	150	451500.0	6000	0.5061445953880104	451500.0	5946	0.5015892940295184	602.0	0	0.0	1354.5	0	0.0	1354.5	0	0.0
CassandraWriteRequest	2000	151	454500.0	5899	0.4976244946989789	454500.0	5935	0.500661362271307	606.0	0	0.0	1363.5	0	0.0	1363.5	0	0.0
CassandraWriteRequest	2000	152	457500.0	5959	0.502685940652859	457500.0	5965	0.503192085248247	610.0	0	0.0	1372.5	0	0.0	1372.5	0	0.0
CassandraWriteRequest	2000	153	460500.0	5966	0.5032764426808117	460500.0	5978	0.5042887318715877	614.0	0	0.0	1381.5	0	0.0	1381.5	0	0.0
CassandraWriteRequest	2000	154	463500.0	5974	0.503951302141329	463500.0	5971	0.503698229843635	618.0	0	0.0	1390.5	0	0.0	1390.5	0	0.0
CassandraWriteRequest	2000	155	466500.0	5982	0.5046261616018464	466500.0	5958	0.5026015832202944	622.0	0	0.0	1399.5	0	0.0	1399.5	0	0.0
CassandraWriteRequest	2000	156	469500.0	5949	0.5018423663272124	469500.0	5969	0.5035295149785057	626.0	0	0.0	1408.5	0	0.0	1408.5	0	0.0
CassandraWriteRequest	2000	157	472500.0	5945	0.5015049365969536	472500.0	5944	0.501420579164389	630.0	0	0.0	1417.5	0	0.0	1417.5	0	0.0
CassandraWriteRequest	2000	158	475500.0	5947	0.501673651462083	475500.0	5921	0.4994803582154016	634.0	0	0.0	1426.5	0	0.0	1426.5	0	0.0
CassandraWriteRequest	2000	159	478500.0	5891	0.4969496352384616	478500.0	5925	0.4998177879456603	638.0	0	0.0	1435.5	0	0.0	1435.5	0	0.0
CassandraWriteRequest	2000	160	481500.0	5917	0.4991429284851429	481500.0	5853	0.49374405280100414	642.0	0	0.0	1444.5	0	0.0	1444.5	0	0.0
CassandraWriteRequest	2000	161	484500.0	5902	0.4978775669966729	484500.0	5965	0.503192085248247	646.0	0	0.0	1453.5	0	0.0	1453.5	0	0.0
CassandraWriteRequest	2000	162	487500.0	5751	0.485139594679408	487500.0	5752	0.48522395211197267	650.0	0	0.0	1462.5	0	0.0	1462.5	0	0.0
CassandraWriteRequest	2000	163	490500.0	5999	0.5060602379554457	490500.0	5997	0.5058915230903164	654.0	1	8.43574325646684E-5	1471.5	0	0.0	1471.5	0	0.0
CassandraWriteRequest	2000	164	493500.0	5997	0.5058915230903164	493500.0	5999	0.5060602379554457	658.0	0	0.0	1480.5	0	0.0	1480.5	0	0.0
CassandraWriteRequest	2000	165	496500.0	5996	0.5058071656577517	496500.0	5993	0.5055540933600577	662.0	0	0.0	1489.5	0	0.0	1489.5	0	0.0
CassandraWriteRequest	2000	166	499500.0	5995	0.5057228082251871	499500.0	5997	0.5058915230903164	666.0	0	0.0	1498.5	0	0.0	1498.5	0	0.0
CassandraWriteRequest	2000	167	502500.0	5998	0.5059758805228811	502500.0	5999	0.5060602379554457	670.0	0	0.0	1507.5	0	0.0	1507.5	0	0.0
CassandraWriteRequest	2000	168	505500.0	5997	0.5058915230903164	505500.0	5996	0.5058071656577517	674.0	0	0.0	1516.5	0	0.0	1516.5	0	0.0
CassandraWriteRequest	2000	169	508500.0	5802	0.48944182374020606	508500.0	5739	0.484127305488632	678.0	0	0.0	1525.5	0	0.0	1525.5	0	0.0
CassandraWriteRequest	2000	170	511500.0	5808	0.48994796833559406	511500.0	5872	0.49534684401973283	682.0	0	0.0	1534.5	0	0.0	1534.5	0	0.0
CassandraWriteRequest	2000	171	514500.0	5896	0.4973714224012849	514500.0	5866	0.49484069942434483	686.0	0	0.0	1543.5	0	0.0	1543.5	0	0.0
CassandraWriteRequest	2000	172	517500.0	5674	0.4786440723719285	517500.0	5640	0.4757759196647298	690.0	13	0.0010966466233406891	1552.5	0	0.0	1552.5	0	0.0
CassandraWriteRequest	2000	173	520500.0	5936	0.5007457197038716	520500.0	6000	0.5061445953880104	694.0	22	0.0018558635164227049	1561.5	0	0.0	1561.5	0	0.0
CassandraWriteRequest	2000	174	523500.0	6000	0.5061445953880104	523500.0	5998	0.5059758805228811	698.0	20	0.001687148651293368	1570.5	0	0.0	1570.5	0	0.0
CassandraWriteRequest	2000	175	526500.0	5996	0.5058071656577517	526500.0	5994	0.5056384507926224	702.0	5	4.21787162823342E-4	1579.5	0	0.0	1579.5	0	0.0
CassandraWriteRequest	2000	176	529500.0	5995	0.5057228082251871	529500.0	5999	0.5060602379554457	706.0	0	0.0	1588.5	0	0.0	1588.5	0	0.0
CassandraWriteRequest	2000	177	532500.0	5926	0.49990214537822497	532500.0	5888	0.4966965629407676	710.0	0	0.0	1597.5	0	0.0	1597.5	0	0.0
CassandraWriteRequest	2000	178	535500.0	5939	0.5009987920015656	535500.0	5973	0.5038669447087644	714.0	0	0.0	1606.5	0	0.0	1606.5	0	0.0
CassandraWriteRequest	2000	179	538500.0	5982	0.5046261616018464	538500.0	5986	0.5049635913321051	718.0	0	0.0	1615.5	0	0.0	1615.5	0	0.0
CassandraWriteRequest	2000	180	541500.0	5960	0.5027702980854237	541500.0	5896	0.4973714224012849	722.0	0	0.0	1624.5	0	0.0	1624.5	0	0.0
CassandraWriteRequest	2000	181	544500.0	5922	0.4995647156479663	544500.0	5980	0.504457446736717	726.0	0	0.0	1633.5	0	0.0	1633.5	0	0.0
CassandraWriteRequest	2000	182	547500.0	5983	0.504710519034411	547500.0	5989	0.5052166636297991	730.0	0	0.0	1642.5	0	0.0	1642.5	0	0.0
CassandraWriteRequest	2000	183	550500.0	6000	0.5061445953880104	550500.0	5973	0.5038669447087644	734.0	0	0.0	1651.5	0	0.0	1651.5	0	0.0
CassandraWriteRequest	2000	184	553500.0	5947	0.501673651462083	553500.0	5966	0.5032764426808117	738.0	0	0.0	1660.5	0	0.0	1660.5	0	0.0
CassandraWriteRequest	2000	185	556500.0	5957	0.5025172257877297	556500.0	5906	0.4982149967269316	742.0	0	0.0	1669.5	0	0.0	1669.5	0	0.0
CassandraWriteRequest	2000	186	559500.0	5716	0.4821870845396446	559500.0	5751	0.485139594679408	746.0	0	0.0	1678.5	0	0.0	1678.5	0	0.0
CassandraWriteRequest	2000	187	562500.0	5658	0.4772943534508938	562500.0	5682	0.47931893183244584	750.0	0	0.0	1687.5	0	0.0	1687.5	0	0.0
CassandraWriteRequest	2000	188	565500.0	5997	0.5058915230903164	565500.0	5996	0.5058071656577517	754.0	0	0.0	1696.5	0	0.0	1696.5	0	0.0
CassandraWriteRequest	2000	189	568500.0	5878	0.4958529886151209	568500.0	5879	0.4959373460476855	758.0	0	0.0	1705.5	0	0.0	1705.5	0	0.0
CassandraWriteRequest	2000	190	571500.0	6000	0.5061445953880104	571500.0	5999	0.5060602379554457	762.0	0	0.0	1714.5	0	0.0	1714.5	0	0.0
CassandraWriteRequest	2000	191	574500.0	5998	0.5059758805228811	574500.0	5996	0.5058071656577517	766.0	0	0.0	1723.5	0	0.0	1723.5	0	0.0
CassandraWriteRequest	2000	192	577500.0	5959	0.502685940652859	577500.0	5960	0.5027702980854237	770.0	0	0.0	1732.5	0	0.0	1732.5	0	0.0
CassandraWriteRequest	2000	193	580500.0	5991	0.5053853784949284	580500.0	5989	0.5052166636297991	774.0	0	0.0	1741.5	0	0.0	1741.5	0	0.0
CassandraWriteRequest	2000	194	583500.0	5985	0.5048792338995404	583500.0	5989	0.5052166636297991	778.0	0	0.0	1750.5	0	0.0	1750.5	0	0.0
CassandraWriteRequest	2000	195	586500.0	5999	0.5060602379554457	586500.0	5999	0.5060602379554457	782.0	0	0.0	1759.5	0	0.0	1759.5	0	0.0
CassandraWriteRequest	2000	196	589500.0	5996	0.5058071656577517	589500.0	5995	0.5057228082251871	786.0	0	0.0	1768.5	0	0.0	1768.5	0	0.0
CassandraWriteRequest	2000	197	592500.0	5647	0.47636642169268245	592500.0	5648	0.47645077912524714	790.0	0	0.0	1777.5	0	0.0	1777.5	0	0.0
CassandraWriteRequest	2000	198	595500.0	6000	0.5061445953880104	595500.0	5999	0.5060602379554457	794.0	0	0.0	1786.5	0	0.0	1786.5	0	0.0
CassandraWriteRequest	2000	199	598500.0	5996	0.5058071656577517	598500.0	5997	0.5058915230903164	798.0	0	0.0	1795.5	0	0.0	1795.5	0	0.0
