'Request type'	'Load'	'Bucket'	'Start time'	'Absolute'	'Percent of requests'	'End time'	'Absolute'	'Percent of requests'	'Residence time'	'Absolute'	'Percent of requests'	'Theor. think time'	'Absolute'	'Percent of requests'	'Actual think time'	'Absolute'	'Percent of requests'
CassandraWriteRequest	3500	0	1500.0	9347	0.4578283156061804	1500.0	9293	0.45518332480242163	3.0	1152734	56.462422762594926	6.0	2041595	100.0	6.0	2041595	100.0
CassandraWriteRequest	3500	1	4500.0	10396	0.5092097110347547	4500.0	10412	0.5099934120136461	9.0	527522	25.838719236675246	18.0	0	0.0	18.0	0	0.0
CassandraWriteRequest	3500	2	7500.0	10175	0.49838484126381577	7500.0	10157	0.4975031776625628	15.0	190926	9.351805818489954	30.0	0	0.0	30.0	0	0.0
CassandraWriteRequest	3500	3	10500.0	10298	0.5044095425390442	10500.0	10320	0.50548713138502	21.0	81140	3.974343589203539	42.0	0	0.0	42.0	0	0.0
CassandraWriteRequest	3500	4	13500.0	10396	0.5092097110347547	13500.0	10426	0.5106791503701762	27.0	37220	1.823084402146361	54.0	0	0.0	54.0	0	0.0
CassandraWriteRequest	3500	5	16500.0	10432	0.5109730382372606	16500.0	10435	0.5111199821708027	33.0	16691	0.8175470649173807	66.0	0	0.0	66.0	0	0.0
CassandraWriteRequest	3500	6	19500.0	9992	0.48942126131774416	19500.0	9993	0.4894702426289249	39.0	8788	0.43044776265615853	78.0	0	0.0	78.0	0	0.0
CassandraWriteRequest	3500	7	22500.0	9773	0.4786943541691667	22500.0	9712	0.4757064941871429	45.0	5095	0.24955978046576327	90.0	0	0.0	90.0	0	0.0
CassandraWriteRequest	3500	8	25500.0	10025	0.4910376445867079	25500.0	10028	0.49118458852025004	51.0	2833	0.1387640545749769	102.0	0	0.0	102.0	0	0.0
CassandraWriteRequest	3500	9	28500.0	10274	0.503233991070707	28500.0	10299	0.5044585238502249	57.0	1967	0.09634623909247426	114.0	0	0.0	114.0	0	0.0
CassandraWriteRequest	3500	10	31500.0	9956	0.4876579341152383	31500.0	9987	0.48917635476184057	63.0	1682	0.08238656540596935	126.0	0	0.0	126.0	0	0.0
CassandraWriteRequest	3500	11	34500.0	10494	0.5140098795304652	34500.0	10496	0.5141078421528266	69.0	1437	0.0703861441666932	138.0	0	0.0	138.0	0	0.0
CassandraWriteRequest	3500	12	37500.0	10402	0.5095035989018389	37500.0	10340	0.5064667576086344	75.0	1326	0.06494921862563338	150.0	0	0.0	150.0	0	0.0
CassandraWriteRequest	3500	13	40500.0	10263	0.502695196647719	40500.0	10325	0.5057320379409236	81.0	1339	0.06558597567098273	162.0	0	0.0	162.0	0	0.0
CassandraWriteRequest	3500	14	43500.0	10190	0.49911956093152654	43500.0	10128	0.49608271963832196	87.0	1284	0.06289200355604319	174.0	0	0.0	174.0	0	0.0
CassandraWriteRequest	3500	15	46500.0	10258	0.5024502900918154	46500.0	10300	0.5045075051614056	93.0	1195	0.0585326668609592	186.0	0	0.0	186.0	0	0.0
CassandraWriteRequest	3500	16	49500.0	10382	0.5085239726782246	49500.0	10401	0.5094546175906582	99.0	1017	0.04981399347079122	198.0	0	0.0	198.0	0	0.0
CassandraWriteRequest	3500	17	52500.0	10496	0.5141078421528266	52500.0	10474	0.5130302533068507	105.0	945	0.04628733906577945	210.0	0	0.0	210.0	0	0.0
CassandraWriteRequest	3500	18	55500.0	10198	0.4995114114209723	55500.0	10157	0.4975031776625628	111.0	733	0.03590330109546702	222.0	0	0.0	222.0	0	0.0
CassandraWriteRequest	3500	19	58500.0	10281	0.503576860248972	58500.0	10303	0.5046544490949478	117.0	628	0.03076026342149153	234.0	0	0.0	234.0	0	0.0
CassandraWriteRequest	3500	20	61500.0	10423	0.5105322064366341	61500.0	10452	0.511952664460875	123.0	666	0.03262155324635885	246.0	0	0.0	246.0	0	0.0
CassandraWriteRequest	3500	21	64500.0	10466	0.512638402817405	64500.0	10475	0.5130792346180315	129.0	578	0.02831119786245558	258.0	0	0.0	258.0	0	0.0
CassandraWriteRequest	3500	22	67500.0	9922	0.48599256953509384	67500.0	9862	0.4830536908642507	135.0	485	0.023755935922648713	270.0	0	0.0	270.0	0	0.0
CassandraWriteRequest	3500	23	70500.0	10436	0.5111689634819834	70500.0	10500	0.5143037673975495	141.0	376	0.018416973003950343	282.0	0	0.0	282.0	0	0.0
CassandraWriteRequest	3500	24	73500.0	10013	0.4904498688525393	73500.0	9954	0.4875599714928769	147.0	385	0.018857804804576814	294.0	0	0.0	294.0	0	0.0
CassandraWriteRequest	3500	25	76500.0	10213	0.5002461310886831	76500.0	10263	0.502695196647719	153.0	425	0.020817057251805573	306.0	0	0.0	306.0	0	0.0
CassandraWriteRequest	3500	26	79500.0	10482	0.5134221037962965	79500.0	10483	0.5134710851074772	159.0	286	0.014008654997685633	318.0	0	0.0	318.0	0	0.0
CassandraWriteRequest	3500	27	82500.0	10422	0.5104832251254533	82500.0	10406	0.5096995241465618	165.0	182	0.008914598634890856	330.0	0	0.0	330.0	0	0.0
CassandraWriteRequest	3500	28	85500.0	10120	0.4956908691488762	85500.0	10080	0.49373161670164745	171.0	228	0.01116773894920393	342.0	0	0.0	342.0	0	0.0
CassandraWriteRequest	3500	29	88500.0	10436	0.5111689634819834	88500.0	10500	0.5143037673975495	177.0	258	0.012637178284625501	354.0	0	0.0	354.0	0	0.0
CassandraWriteRequest	3500	30	91500.0	10395	0.509160729723574	91500.0	10380	0.5084260100558632	183.0	153	0.007494140610650006	366.0	0	0.0	366.0	0	0.0
CassandraWriteRequest	3500	31	94500.0	9473	0.46399996081495104	94500.0	9425	0.46164885787827653	189.0	88	0.004310355383903271	378.0	0	0.0	378.0	0	0.0
CassandraWriteRequest	3500	32	97500.0	10412	0.5099934120136461	97500.0	10455	0.512099608394417	195.0	75	0.0036735983385539246	390.0	0	0.0	390.0	0	0.0
CassandraWriteRequest	3500	33	100500.0	10434	0.511071000859622	100500.0	10451	0.5119036831496943	201.0	116	0.005681832096963403	402.0	0	0.0	402.0	0	0.0
CassandraWriteRequest	3500	34	103500.0	10463	0.5124914588838628	103500.0	10457	0.5121975710167785	207.0	130	0.006367570453493469	414.0	0	0.0	414.0	0	0.0
CassandraWriteRequest	3500	35	106500.0	9970	0.48834367247176835	106500.0	9979	0.48878450427239484	213.0	36	0.0017633272025058839	426.0	0	0.0	426.0	0	0.0
CassandraWriteRequest	3500	36	109500.0	10500	0.5143037673975495	109500.0	10500	0.5143037673975495	219.0	28	0.0013714767130601317	438.0	0	0.0	438.0	0	0.0
CassandraWriteRequest	3500	37	112500.0	10500	0.5143037673975495	112500.0	10500	0.5143037673975495	225.0	46	0.0022531403143130737	450.0	0	0.0	450.0	0	0.0
CassandraWriteRequest	3500	38	115500.0	10500	0.5143037673975495	115500.0	10500	0.5143037673975495	231.0	27	0.001322495401879413	462.0	0	0.0	462.0	0	0.0
CassandraWriteRequest	3500	39	118500.0	10408	0.5097974867689233	118500.0	10382	0.5085239726782246	237.0	59	0.0028898973596624207	474.0	0	0.0	474.0	0	0.0
CassandraWriteRequest	3500	40	121500.0	9769	0.47849842892444383	121500.0	9731	0.47663713909957656	243.0	65	0.0031837852267467344	486.0	0	0.0	486.0	0	0.0
CassandraWriteRequest	3500	41	124500.0	10103	0.494858186858804	124500.0	10167	0.49799299077437004	249.0	32	0.0015674019577830078	498.0	0	0.0	498.0	0	0.0
CassandraWriteRequest	3500	42	127500.0	9307	0.45586906315895165	127500.0	9243	0.4527342592433857	255.0	23	0.0011265701571565368	510.0	0	0.0	510.0	0	0.0
CassandraWriteRequest	3500	43	130500.0	10290	0.5040176920495985	130500.0	10319	0.5054381500738393	261.0	37	0.0018123085136866027	522.0	0	0.0	522.0	0	0.0
CassandraWriteRequest	3500	44	133500.0	10200	0.4996093740433337	133500.0	10171	0.4981889160190929	267.0	12	5.877757341686279E-4	534.0	0	0.0	534.0	0	0.0
CassandraWriteRequest	3500	45	136500.0	10390	0.5089158231676704	136500.0	10452	0.511952664460875	273.0	14	6.857383565300659E-4	546.0	0	0.0	546.0	0	0.0
CassandraWriteRequest	3500	46	139500.0	10455	0.512099608394417	139500.0	10435	0.5111199821708027	279.0	16	7.837009788915039E-4	558.0	0	0.0	558.0	0	0.0
CassandraWriteRequest	3500	47	142500.0	10404	0.5096015615242004	142500.0	10368	0.5078382343216945	285.0	9	4.4083180062647097E-4	570.0	0	0.0	570.0	0	0.0
CassandraWriteRequest	3500	48	145500.0	9959	0.4878048780487805	145500.0	9976	0.4886375603388527	291.0	9	4.4083180062647097E-4	582.0	0	0.0	582.0	0	0.0
CassandraWriteRequest	3500	49	148500.0	10358	0.5073484212098873	148500.0	10355	0.5072014772763452	297.0	5	2.44906555903595E-4	594.0	0	0.0	594.0	0	0.0
CassandraWriteRequest	3500	50	151500.0	10387	0.5087688792341282	151500.0	10420	0.5103852625030919	303.0	2	9.796262236143799E-5	606.0	0	0.0	606.0	0	0.0
CassandraWriteRequest	3500	51	154500.0	10468	0.5127363654397664	154500.0	10431	0.5109240569260798	309.0	2	9.796262236143799E-5	618.0	0	0.0	618.0	0	0.0
CassandraWriteRequest	3500	52	157500.0	9575	0.46899605455538435	157500.0	9562	0.468359297510035	315.0	3	1.4694393354215698E-4	630.0	0	0.0	630.0	0	0.0
CassandraWriteRequest	3500	53	160500.0	10386	0.5087198979229475	160500.0	10446	0.5116587765937907	321.0	5	2.44906555903595E-4	642.0	0	0.0	642.0	0	0.0
CassandraWriteRequest	3500	54	163500.0	10486	0.5136180290410194	163500.0	10487	0.5136670103522001	327.0	7	3.4286917826503293E-4	654.0	0	0.0	654.0	0	0.0
CassandraWriteRequest	3500	55	166500.0	10423	0.5105322064366341	166500.0	10423	0.5105322064366341	333.0	6	2.9388786708431396E-4	666.0	0	0.0	666.0	0	0.0
CassandraWriteRequest	3500	56	169500.0	10398	0.509307673657116	169500.0	10398	0.509307673657116	339.0	7	3.4286917826503293E-4	678.0	0	0.0	678.0	0	0.0
CassandraWriteRequest	3500	57	172500.0	10258	0.5024502900918154	172500.0	10194	0.49931548617624943	345.0	8	3.9185048944575195E-4	690.0	0	0.0	690.0	0	0.0
CassandraWriteRequest	3500	58	175500.0	10054	0.49245810261094874	175500.0	10114	0.4953969812817919	351.0	2	9.796262236143799E-5	702.0	0	0.0	702.0	0	0.0
CassandraWriteRequest	3500	59	178500.0	9322	0.4566037828266625	178500.0	9263	0.45371388546700003	357.0	0	0.0	714.0	0	0.0	714.0	0	0.0
CassandraWriteRequest	3500	60	181500.0	10235	0.5013237199346589	181500.0	10298	0.5044095425390442	363.0	7	3.4286917826503293E-4	726.0	0	0.0	726.0	0	0.0
CassandraWriteRequest	3500	61	184500.0	10450	0.5118547018385134	184500.0	10442	0.5114628513490678	369.0	10	4.8981311180719E-4	738.0	0	0.0	738.0	0	0.0
CassandraWriteRequest	3500	62	187500.0	10475	0.5130792346180315	187500.0	10483	0.5134710851074772	375.0	14	6.857383565300659E-4	750.0	0	0.0	750.0	0	0.0
CassandraWriteRequest	3500	63	190500.0	10482	0.5134221037962965	190500.0	10482	0.5134221037962965	381.0	7	3.4286917826503293E-4	762.0	0	0.0	762.0	0	0.0
CassandraWriteRequest	3500	64	193500.0	10383	0.5085729539894053	193500.0	10376	0.5082300848111403	387.0	1	4.8981311180718994E-5	774.0	0	0.0	774.0	0	0.0
CassandraWriteRequest	3500	65	196500.0	10383	0.5085729539894053	196500.0	10368	0.5078382343216945	393.0	4	1.9592524472287598E-4	786.0	0	0.0	786.0	0	0.0
CassandraWriteRequest	3500	66	199500.0	9875	0.4836904479096001	199500.0	9896	0.48471905544439514	399.0	2	9.796262236143799E-5	798.0	0	0.0	798.0	0	0.0
CassandraWriteRequest	3500	67	202500.0	10433	0.5110220195484413	202500.0	10407	0.5097485054577425	405.0	3	1.4694393354215698E-4	810.0	0	0.0	810.0	0	0.0
CassandraWriteRequest	3500	68	205500.0	10232	0.5011767760011168	205500.0	10198	0.4995114114209723	411.0	4	1.9592524472287598E-4	822.0	0	0.0	822.0	0	0.0
CassandraWriteRequest	3500	69	208500.0	10429	0.5108260943037184	208500.0	10490	0.5138139542857423	417.0	5	2.44906555903595E-4	834.0	0	0.0	834.0	0	0.0
CassandraWriteRequest	3500	70	211500.0	10500	0.5143037673975495	211500.0	10500	0.5143037673975495	423.0	16	7.837009788915039E-4	846.0	0	0.0	846.0	0	0.0
CassandraWriteRequest	3500	71	214500.0	10366	0.5077402716993331	214500.0	10302	0.504605467783767	429.0	6	2.9388786708431396E-4	858.0	0	0.0	858.0	0	0.0
CassandraWriteRequest	3500	72	217500.0	10307	0.5048503743396706	217500.0	10309	0.5049483369620321	435.0	0	0.0	870.0	0	0.0	870.0	0	0.0
CassandraWriteRequest	3500	73	220500.0	9780	0.47903722334743176	220500.0	9799	0.4799678682598654	441.0	1	4.8981311180718994E-5	882.0	0	0.0	882.0	0	0.0
CassandraWriteRequest	3500	74	223500.0	8778	0.42995794954435135	223500.0	8801	0.43108451970150785	447.0	4	1.9592524472287598E-4	894.0	0	0.0	894.0	0	0.0
CassandraWriteRequest	3500	75	226500.0	10096	0.49451531768053897	226500.0	10115	0.49544596259297263	453.0	3	1.4694393354215698E-4	906.0	0	0.0	906.0	0	0.0
CassandraWriteRequest	3500	76	229500.0	10276	0.5033319536930684	229500.0	10266	0.5028421405812612	459.0	3	1.4694393354215698E-4	918.0	0	0.0	918.0	0	0.0
CassandraWriteRequest	3500	77	232500.0	10484	0.5135200664186579	232500.0	10495	0.5140588608416459	465.0	3	1.4694393354215698E-4	930.0	0	0.0	930.0	0	0.0
CassandraWriteRequest	3500	78	235500.0	10231	0.5011277946899361	235500.0	10212	0.5001971497775024	471.0	3	1.4694393354215698E-4	942.0	0	0.0	942.0	0	0.0
CassandraWriteRequest	3500	79	238500.0	10429	0.5108260943037184	238500.0	10444	0.5115608139714292	477.0	2	9.796262236143799E-5	954.0	0	0.0	954.0	0	0.0
CassandraWriteRequest	3500	80	241500.0	10402	0.5095035989018389	241500.0	10399	0.5093566549682969	483.0	0	0.0	966.0	0	0.0	966.0	0	0.0
CassandraWriteRequest	3500	81	244500.0	10165	0.4978950281520086	244500.0	10111	0.49525003734824974	489.0	0	0.0	978.0	0	0.0	978.0	0	0.0
CassandraWriteRequest	3500	82	247500.0	9680	0.47413909222935985	247500.0	9677	0.4739921482958177	495.0	0	0.0	990.0	0	0.0	990.0	0	0.0
CassandraWriteRequest	3500	83	250500.0	10436	0.5111689634819834	250500.0	10500	0.5143037673975495	501.0	0	0.0	1002.0	0	0.0	1002.0	0	0.0
CassandraWriteRequest	3500	84	253500.0	10469	0.5127853467509471	253500.0	10405	0.5096505428353811	507.0	1	4.8981311180718994E-5	1014.0	0	0.0	1014.0	0	0.0
CassandraWriteRequest	3500	85	256500.0	10397	0.5092586923459353	256500.0	10460	0.5123445149503206	513.0	0	0.0	1026.0	0	0.0	1026.0	0	0.0
CassandraWriteRequest	3500	86	259500.0	9956	0.4876579341152383	259500.0	9957	0.48770691542641903	519.0	0	0.0	1038.0	0	0.0	1038.0	0	0.0
CassandraWriteRequest	3500	87	262500.0	10500	0.5143037673975495	262500.0	10500	0.5143037673975495	525.0	0	0.0	1050.0	0	0.0	1050.0	0	0.0
CassandraWriteRequest	3500	88	265500.0	10363	0.5075933277657909	265500.0	10312	0.5050952808955743	531.0	0	0.0	1062.0	0	0.0	1062.0	0	0.0
CassandraWriteRequest	3500	89	268500.0	10331	0.5060259258080079	268500.0	10360	0.5074463838322488	537.0	0	0.0	1074.0	0	0.0	1074.0	0	0.0
CassandraWriteRequest	3500	90	271500.0	10409	0.509846468080104	271500.0	10422	0.5104832251254533	543.0	0	0.0	1086.0	0	0.0	1086.0	0	0.0
CassandraWriteRequest	3500	91	274500.0	10339	0.5064177762974537	274500.0	10285	0.5037727854936949	549.0	2	9.796262236143799E-5	1098.0	0	0.0	1098.0	0	0.0
CassandraWriteRequest	3500	92	277500.0	9116	0.44651363272343436	277500.0	9118	0.4466115953457958	555.0	1	4.8981311180718994E-5	1110.0	0	0.0	1110.0	0	0.0
CassandraWriteRequest	3500	93	280500.0	10155	0.4974052150402014	280500.0	10213	0.5002461310886831	561.0	2	9.796262236143799E-5	1122.0	0	0.0	1122.0	0	0.0
CassandraWriteRequest	3500	94	283500.0	10317	0.5053401874514779	283500.0	10268	0.5029401032036226	567.0	0	0.0	1134.0	0	0.0	1134.0	0	0.0
CassandraWriteRequest	3500	95	286500.0	10191	0.4991685422427073	286500.0	10242	0.5016665891129239	573.0	1	4.8981311180718994E-5	1146.0	0	0.0	1146.0	0	0.0
CassandraWriteRequest	3500	96	289500.0	10498	0.514205804775188	289500.0	10495	0.5140588608416459	579.0	1	4.8981311180718994E-5	1158.0	0	0.0	1158.0	0	0.0
CassandraWriteRequest	3500	97	292500.0	10476	0.5131282159292122	292500.0	10459	0.5122955336391399	585.0	0	0.0	1170.0	0	0.0	1170.0	0	0.0
CassandraWriteRequest	3500	98	295500.0	10199	0.499560392732153	295500.0	10161	0.4976991029072857	591.0	0	0.0	1182.0	0	0.0	1182.0	0	0.0
CassandraWriteRequest	3500	99	298500.0	10046	0.492066252121503	298500.0	10041	0.4918213455655994	597.0	0	0.0	1194.0	0	0.0	1194.0	0	0.0
CassandraWriteRequest	3500	100	301500.0	10102	0.49480920554762325	301500.0	10105	0.49495614948116545	603.0	1	4.8981311180718994E-5	1206.0	0	0.0	1206.0	0	0.0
CassandraWriteRequest	3500	101	304500.0	10320	0.50548713138502	304500.0	10321	0.5055361126962007	609.0	0	0.0	1218.0	0	0.0	1218.0	0	0.0
CassandraWriteRequest	3500	102	307500.0	10373	0.5080831408775981	307500.0	10420	0.5103852625030919	615.0	0	0.0	1230.0	0	0.0	1230.0	0	0.0
CassandraWriteRequest	3500	103	310500.0	10424	0.5105811877478148	310500.0	10401	0.5094546175906582	621.0	0	0.0	1242.0	0	0.0	1242.0	0	0.0
CassandraWriteRequest	3500	104	313500.0	10092	0.4943193924358161	313500.0	10065	0.4929968970339367	627.0	0	0.0	1254.0	0	0.0	1254.0	0	0.0
CassandraWriteRequest	3500	105	316500.0	9868	0.48334757873133505	316500.0	9881	0.48398433577668437	633.0	0	0.0	1266.0	0	0.0	1266.0	0	0.0
CassandraWriteRequest	3500	106	319500.0	10363	0.5075933277657909	319500.0	10398	0.509307673657116	639.0	0	0.0	1278.0	0	0.0	1278.0	0	0.0
CassandraWriteRequest	3500	107	322500.0	10283	0.5036748228713334	322500.0	10259	0.5024992714029961	645.0	0	0.0	1290.0	0	0.0	1290.0	0	0.0
CassandraWriteRequest	3500	108	325500.0	10319	0.5054381500738393	325500.0	10306	0.5048013930284899	651.0	0	0.0	1302.0	0	0.0	1302.0	0	0.0
CassandraWriteRequest	3500	109	328500.0	10391	0.5089648044788511	328500.0	10442	0.5114628513490678	657.0	0	0.0	1314.0	0	0.0	1314.0	0	0.0
CassandraWriteRequest	3500	110	331500.0	10378	0.5083280474335017	331500.0	10362	0.5075443464546102	663.0	0	0.0	1326.0	0	0.0	1326.0	0	0.0
CassandraWriteRequest	3500	111	334500.0	10455	0.512099608394417	334500.0	10420	0.5103852625030919	669.0	0	0.0	1338.0	0	0.0	1338.0	0	0.0
CassandraWriteRequest	3500	112	337500.0	9415	0.46115904476646935	337500.0	9428	0.4617958018118187	675.0	0	0.0	1350.0	0	0.0	1350.0	0	0.0
CassandraWriteRequest	3500	113	340500.0	10257	0.5024013087806347	340500.0	10261	0.5025972340253576	681.0	0	0.0	1362.0	0	0.0	1362.0	0	0.0
CassandraWriteRequest	3500	114	343500.0	10366	0.5077402716993331	343500.0	10379	0.5083770287446825	687.0	0	0.0	1374.0	0	0.0	1374.0	0	0.0
CassandraWriteRequest	3500	115	346500.0	10445	0.5116097952826099	346500.0	10462	0.5124424775726821	693.0	0	0.0	1386.0	0	0.0	1386.0	0	0.0
CassandraWriteRequest	3500	116	349500.0	9597	0.4700736434013602	349500.0	9542	0.46737967128642066	699.0	0	0.0	1398.0	0	0.0	1398.0	0	0.0
CassandraWriteRequest	3500	117	352500.0	10252	0.5021564022247311	352500.0	10248	0.5019604769800082	705.0	0	0.0	1410.0	0	0.0	1410.0	0	0.0
CassandraWriteRequest	3500	118	355500.0	10431	0.5109240569260798	355500.0	10476	0.5131282159292122	711.0	0	0.0	1422.0	0	0.0	1422.0	0	0.0
CassandraWriteRequest	3500	119	358500.0	10046	0.492066252121503	358500.0	10005	0.49005801836309354	717.0	0	0.0	1434.0	0	0.0	1434.0	0	0.0
CassandraWriteRequest	3500	120	361500.0	10395	0.509160729723574	361500.0	10435	0.5111199821708027	723.0	0	0.0	1446.0	0	0.0	1446.0	0	0.0
CassandraWriteRequest	3500	121	364500.0	10400	0.5094056362794775	364500.0	10382	0.5085239726782246	729.0	0	0.0	1458.0	0	0.0	1458.0	0	0.0
CassandraWriteRequest	3500	122	367500.0	10339	0.5064177762974537	367500.0	10320	0.50548713138502	735.0	0	0.0	1470.0	0	0.0	1470.0	0	0.0
CassandraWriteRequest	3500	123	370500.0	10332	0.5060749071191887	370500.0	10388	0.5088178605453089	741.0	0	0.0	1482.0	0	0.0	1482.0	0	0.0
CassandraWriteRequest	3500	124	373500.0	10389	0.5088668418564897	373500.0	10378	0.5083280474335017	747.0	0	0.0	1494.0	0	0.0	1494.0	0	0.0
CassandraWriteRequest	3500	125	376500.0	7668	0.37558869413375323	376500.0	7628	0.3736294416865245	753.0	0	0.0	1506.0	0	0.0	1506.0	0	0.0
CassandraWriteRequest	3500	126	379500.0	9132	0.44729733370232583	379500.0	9124	0.4469054832128801	759.0	0	0.0	1518.0	0	0.0	1518.0	0	0.0
CassandraWriteRequest	3500	127	382500.0	10223	0.5007359442004903	382500.0	10221	0.5006379815781289	765.0	4	1.9592524472287598E-4	1530.0	0	0.0	1530.0	0	0.0
CassandraWriteRequest	3500	128	385500.0	9691	0.4746778866523478	385500.0	9753	0.47771472794555236	771.0	36	0.0017633272025058839	1542.0	0	0.0	1542.0	0	0.0
CassandraWriteRequest	3500	129	388500.0	10487	0.5136670103522001	388500.0	10459	0.5122955336391399	777.0	1	4.8981311180718994E-5	1554.0	0	0.0	1554.0	0	0.0
CassandraWriteRequest	3500	130	391500.0	10337	0.5063198136750923	391500.0	10316	0.5052912061402971	783.0	2	9.796262236143799E-5	1566.0	0	0.0	1566.0	0	0.0
CassandraWriteRequest	3500	131	394500.0	10390	0.5089158231676704	394500.0	10396	0.5092097110347547	789.0	0	0.0	1578.0	0	0.0	1578.0	0	0.0
CassandraWriteRequest	3500	132	397500.0	10150	0.49716030848429776	397500.0	10181	0.49867872913090006	795.0	0	0.0	1590.0	0	0.0	1590.0	0	0.0
CassandraWriteRequest	3500	133	400500.0	9580	0.46924096111128794	400500.0	9531	0.46684087686343273	801.0	0	0.0	1602.0	0	0.0	1602.0	0	0.0
CassandraWriteRequest	3500	134	403500.0	10247	0.5019114956688275	403500.0	10308	0.5048993556508514	807.0	0	0.0	1614.0	0	0.0	1614.0	0	0.0
CassandraWriteRequest	3500	135	406500.0	10500	0.5143037673975495	406500.0	10500	0.5143037673975495	813.0	0	0.0	1626.0	0	0.0	1626.0	0	0.0
CassandraWriteRequest	3500	136	409500.0	10500	0.5143037673975495	409500.0	10500	0.5143037673975495	819.0	0	0.0	1638.0	0	0.0	1638.0	0	0.0
CassandraWriteRequest	3500	137	412500.0	10485	0.5135690477298387	412500.0	10421	0.5104342438142726	825.0	0	0.0	1650.0	0	0.0	1650.0	0	0.0
CassandraWriteRequest	3500	138	415500.0	9755	0.4778126905679138	415500.0	9796	0.4798209243263233	831.0	0	0.0	1662.0	0	0.0	1662.0	0	0.0
CassandraWriteRequest	3500	139	418500.0	10438	0.5112669261043449	418500.0	10457	0.5121975710167785	837.0	0	0.0	1674.0	0	0.0	1674.0	0	0.0
CassandraWriteRequest	3500	140	421500.0	10469	0.5127853467509471	421500.0	10466	0.512638402817405	843.0	0	0.0	1686.0	0	0.0	1686.0	0	0.0
CassandraWriteRequest	3500	141	424500.0	10049	0.49221319605504515	424500.0	9992	0.48942126131774416	849.0	0	0.0	1698.0	0	0.0	1698.0	0	0.0
CassandraWriteRequest	3500	142	427500.0	10428	0.5107771129925377	427500.0	10472	0.5129322906844893	855.0	0	0.0	1710.0	0	0.0	1710.0	0	0.0
CassandraWriteRequest	3500	143	430500.0	10235	0.5013237199346589	430500.0	10191	0.4991685422427073	861.0	0	0.0	1722.0	0	0.0	1722.0	0	0.0
CassandraWriteRequest	3500	144	433500.0	9683	0.474286036162902	433500.0	9688	0.47453094271880564	867.0	0	0.0	1734.0	0	0.0	1734.0	0	0.0
CassandraWriteRequest	3500	145	436500.0	10235	0.5013237199346589	436500.0	10289	0.5039687107384178	873.0	0	0.0	1746.0	0	0.0	1746.0	0	0.0
CassandraWriteRequest	3500	146	439500.0	10479	0.5132751598627543	439500.0	10483	0.5134710851074772	879.0	0	0.0	1758.0	0	0.0	1758.0	0	0.0
CassandraWriteRequest	3500	147	442500.0	10476	0.5131282159292122	442500.0	10415	0.5101403559471883	885.0	0	0.0	1770.0	0	0.0	1770.0	0	0.0
CassandraWriteRequest	3500	148	445500.0	9618	0.47110225093615526	445500.0	9617	0.47105326962497457	891.0	0	0.0	1782.0	0	0.0	1782.0	0	0.0
CassandraWriteRequest	3500	149	448500.0	10342	0.5065647202309959	448500.0	10390	0.5089158231676704	897.0	0	0.0	1794.0	0	0.0	1794.0	0	0.0
CassandraWriteRequest	3500	150	451500.0	10133	0.49632762619422555	451500.0	10148	0.49706234586193637	903.0	0	0.0	1806.0	0	0.0	1806.0	0	0.0
CassandraWriteRequest	3500	151	454500.0	10497	0.5141568234640073	454500.0	10497	0.5141568234640073	909.0	0	0.0	1818.0	0	0.0	1818.0	0	0.0
CassandraWriteRequest	3500	152	457500.0	10332	0.5060749071191887	457500.0	10269	0.5029890845148034	915.0	0	0.0	1830.0	0	0.0	1830.0	0	0.0
CassandraWriteRequest	3500	153	460500.0	10313	0.505144262206755	460500.0	10316	0.5052912061402971	921.0	0	0.0	1842.0	0	0.0	1842.0	0	0.0
CassandraWriteRequest	3500	154	463500.0	10161	0.4976991029072857	463500.0	10159	0.49760114028492425	927.0	0	0.0	1854.0	0	0.0	1854.0	0	0.0
CassandraWriteRequest	3500	155	466500.0	10300	0.5045075051614056	466500.0	10362	0.5075443464546102	933.0	0	0.0	1866.0	0	0.0	1866.0	0	0.0
CassandraWriteRequest	3500	156	469500.0	10498	0.514205804775188	469500.0	10498	0.514205804775188	939.0	0	0.0	1878.0	0	0.0	1878.0	0	0.0
CassandraWriteRequest	3500	157	472500.0	10499	0.5142547860863688	472500.0	10499	0.5142547860863688	945.0	0	0.0	1890.0	0	0.0	1890.0	0	0.0
CassandraWriteRequest	3500	158	475500.0	10268	0.5029401032036226	475500.0	10204	0.4998052992880566	951.0	0	0.0	1902.0	0	0.0	1902.0	0	0.0
CassandraWriteRequest	3500	159	478500.0	10190	0.49911956093152654	478500.0	10232	0.5011767760011168	957.0	0	0.0	1914.0	0	0.0	1914.0	0	0.0
CassandraWriteRequest	3500	160	481500.0	9906	0.4852088685562024	481500.0	9864	0.48315165348661215	963.0	0	0.0	1926.0	0	0.0	1926.0	0	0.0
CassandraWriteRequest	3500	161	484500.0	10361	0.5074953651434295	484500.0	10362	0.5075443464546102	969.0	0	0.0	1938.0	0	0.0	1938.0	0	0.0
CassandraWriteRequest	3500	162	487500.0	9885	0.48418026102140727	487500.0	9948	0.48726608362579255	975.0	0	0.0	1950.0	0	0.0	1950.0	0	0.0
CassandraWriteRequest	3500	163	490500.0	10500	0.5143037673975495	490500.0	10500	0.5143037673975495	981.0	0	0.0	1962.0	0	0.0	1962.0	0	0.0
CassandraWriteRequest	3500	164	493500.0	10272	0.5031360284483455	493500.0	10208	0.5000012245327795	987.0	0	0.0	1974.0	0	0.0	1974.0	0	0.0
CassandraWriteRequest	3500	165	496500.0	10126	0.4959847570159605	496500.0	10129	0.4961317009495027	993.0	0	0.0	1986.0	0	0.0	1986.0	0	0.0
CassandraWriteRequest	3500	166	499500.0	10018	0.49069477540844286	499500.0	10048	0.49216421474386446	999.0	0	0.0	1998.0	0	0.0	1998.0	0	0.0
CassandraWriteRequest	3500	167	502500.0	9844	0.4821720272629978	502500.0	9817	0.48084953186111834	1005.0	0	0.0	2010.0	0	0.0	2010.0	0	0.0
CassandraWriteRequest	3500	168	505500.0	10093	0.4943683737469968	505500.0	10139	0.4966215140613099	1011.0	0	0.0	2022.0	0	0.0	2022.0	0	0.0
CassandraWriteRequest	3500	169	508500.0	10457	0.5121975710167785	508500.0	10465	0.5125894215062242	1017.0	0	0.0	2034.0	0	0.0	2034.0	0	0.0
CassandraWriteRequest	3500	170	511500.0	10495	0.5140588608416459	511500.0	10499	0.5142547860863688	1023.0	0	0.0	2046.0	0	0.0	2046.0	0	0.0
CassandraWriteRequest	3500	171	514500.0	10188	0.4990215983091651	514500.0	10140	0.4966704953724906	1029.0	0	0.0	2058.0	0	0.0	2058.0	0	0.0
CassandraWriteRequest	3500	172	517500.0	10310	0.5049973182732128	517500.0	10297	0.5043605612278634	1035.0	0	0.0	2070.0	0	0.0	2070.0	0	0.0
CassandraWriteRequest	3500	173	520500.0	10293	0.5041646359831407	520500.0	10302	0.504605467783767	1041.0	0	0.0	2082.0	0	0.0	2082.0	0	0.0
CassandraWriteRequest	3500	174	523500.0	10417	0.5102383185695497	523500.0	10464	0.5125404401950435	1047.0	0	0.0	2094.0	0	0.0	2094.0	0	0.0
CassandraWriteRequest	3500	175	526500.0	10271	0.5030870471371648	526500.0	10239	0.5015196451793817	1053.0	0	0.0	2106.0	0	0.0	2106.0	0	0.0
CassandraWriteRequest	3500	176	529500.0	10112	0.4952990186594305	529500.0	10138	0.49657253275012914	1059.0	0	0.0	2118.0	0	0.0	2118.0	0	0.0
CassandraWriteRequest	3500	177	532500.0	10330	0.5059769444968272	532500.0	10277	0.5033809350042491	1065.0	0	0.0	2130.0	0	0.0	2130.0	0	0.0
CassandraWriteRequest	3500	178	535500.0	10004	0.4900090370519128	535500.0	10068	0.4931438409674788	1071.0	0	0.0	2142.0	0	0.0	2142.0	0	0.0
CassandraWriteRequest	3500	179	538500.0	10500	0.5143037673975495	538500.0	10500	0.5143037673975495	1077.0	0	0.0	2154.0	0	0.0	2154.0	0	0.0
CassandraWriteRequest	3500	180	541500.0	10358	0.5073484212098873	541500.0	10310	0.5049973182732128	1083.0	0	0.0	2166.0	0	0.0	2166.0	0	0.0
CassandraWriteRequest	3500	181	544500.0	10134	0.4963766075054063	544500.0	10121	0.4957398504600569	1089.0	0	0.0	2178.0	0	0.0	2178.0	0	0.0
CassandraWriteRequest	3500	182	547500.0	9224	0.451803614330952	547500.0	9285	0.45479147431297584	1095.0	0	0.0	2190.0	0	0.0	2190.0	0	0.0
CassandraWriteRequest	3500	183	550500.0	10500	0.5143037673975495	550500.0	10500	0.5143037673975495	1101.0	0	0.0	2202.0	0	0.0	2202.0	0	0.0
CassandraWriteRequest	3500	184	553500.0	10438	0.5112669261043449	553500.0	10438	0.5112669261043449	1107.0	0	0.0	2214.0	0	0.0	2214.0	0	0.0
CassandraWriteRequest	3500	185	556500.0	10480	0.5133241411739351	556500.0	10471	0.5128833093733086	1113.0	0	0.0	2226.0	0	0.0	2226.0	0	0.0
CassandraWriteRequest	3500	186	559500.0	10394	0.5091117484123933	559500.0	10375	0.5081811034999596	1119.0	0	0.0	2238.0	0	0.0	2238.0	0	0.0
CassandraWriteRequest	3500	187	562500.0	10054	0.49245810261094874	562500.0	10018	0.49069477540844286	1125.0	0	0.0	2250.0	0	0.0	2250.0	0	0.0
CassandraWriteRequest	3500	188	565500.0	10257	0.5024013087806347	565500.0	10314	0.5051932435179357	1131.0	0	0.0	2262.0	0	0.0	2262.0	0	0.0
CassandraWriteRequest	3500	189	568500.0	10489	0.5137649729745615	568500.0	10496	0.5141078421528266	1137.0	0	0.0	2274.0	0	0.0	2274.0	0	0.0
CassandraWriteRequest	3500	190	571500.0	10312	0.5050952808955743	571500.0	10248	0.5019604769800082	1143.0	0	0.0	2286.0	0	0.0	2286.0	0	0.0
CassandraWriteRequest	3500	191	574500.0	9397	0.4602773811652164	574500.0	9461	0.4634121850807824	1149.0	0	0.0	2298.0	0	0.0	2298.0	0	0.0
CassandraWriteRequest	3500	192	577500.0	10500	0.5143037673975495	577500.0	10500	0.5143037673975495	1155.0	0	0.0	2310.0	0	0.0	2310.0	0	0.0
CassandraWriteRequest	3500	193	580500.0	10500	0.5143037673975495	580500.0	10499	0.5142547860863688	1161.0	0	0.0	2322.0	0	0.0	2322.0	0	0.0
CassandraWriteRequest	3500	194	583500.0	10479	0.5132751598627543	583500.0	10418	0.5102872998807305	1167.0	0	0.0	2334.0	0	0.0	2334.0	0	0.0
CassandraWriteRequest	3500	195	586500.0	9891	0.48447414888849155	586500.0	9953	0.48751099018169614	1173.0	20	9.7962622361438E-4	2346.0	0	0.0	2346.0	0	0.0
CassandraWriteRequest	3500	196	589500.0	10374	0.5081321221887788	589500.0	10310	0.5049973182732128	1179.0	17	8.326822900722229E-4	2358.0	0	0.0	2358.0	0	0.0
CassandraWriteRequest	3500	197	592500.0	10258	0.5024502900918154	592500.0	10314	0.5051932435179357	1185.0	7	3.4286917826503293E-4	2370.0	0	0.0	2370.0	0	0.0
CassandraWriteRequest	3500	198	595500.0	9847	0.48231897119653994	595500.0	9794	0.47972296170396184	1191.0	6	2.9388786708431396E-4	2382.0	0	0.0	2382.0	0	0.0
CassandraWriteRequest	3500	199	598500.0	10430	0.5108750756148991	598500.0	10491	0.513862935596923	1197.0	2	9.796262236143799E-5	2394.0	0	0.0	2394.0	0	0.0
