'Request type'	'Load'	'Bucket'	'Start time'	'Absolute'	'Percent of requests'	'End time'	'Absolute'	'Percent of requests'	'Residence time'	'Absolute'	'Percent of requests'	'Theor. think time'	'Absolute'	'Percent of requests'	'Actual think time'	'Absolute'	'Percent of requests'
CassandraWriteRequest	1000	0	1500.0	2995	0.5036288179940944	1500.0	2995	0.5036288179940944	1.5	292642	49.20966429229642	4.0	594684	100.0	4.0	594684	100.0
CassandraWriteRequest	1000	1	4500.0	2968	0.4990885915881376	4500.0	2964	0.49841596545392175	4.5	155475	26.14413705430111	12.0	0	0.0	12.0	0	0.0
CassandraWriteRequest	1000	2	7500.0	2901	0.4878221038400226	7500.0	2897	0.4871494777058068	7.5	58004	9.753751572263589	20.0	0	0.0	20.0	0	0.0
CassandraWriteRequest	1000	3	10500.0	2964	0.49841596545392175	10500.0	2951	0.49622993051772035	10.5	30827	5.183761459867762	28.0	0	0.0	28.0	0	0.0
CassandraWriteRequest	1000	4	13500.0	2926	0.4920260171788715	13500.0	2944	0.4950528347828427	13.5	17618	2.962581808153574	36.0	0	0.0	36.0	0	0.0
CassandraWriteRequest	1000	5	16500.0	2969	0.4992567481216916	16500.0	2963	0.4982478089203678	16.5	10614	1.7848134471416754	44.0	0	0.0	44.0	0	0.0
CassandraWriteRequest	1000	6	19500.0	2981	0.501274626524339	19500.0	2989	0.5026198787927706	19.5	6883	1.1574214204518702	52.0	0	0.0	52.0	0	0.0
CassandraWriteRequest	1000	7	22500.0	2920	0.4910170779775478	22500.0	2893	0.486476851571591	22.5	4575	0.7693161410093429	60.0	0	0.0	60.0	0	0.0
CassandraWriteRequest	1000	8	25500.0	2944	0.4950528347828427	25500.0	2962	0.49807965238681384	25.5	3141	0.5281796718929718	68.0	0	0.0	68.0	0	0.0
CassandraWriteRequest	1000	9	28500.0	2960	0.49774333931970594	28500.0	2970	0.4994249046552455	28.5	2116	0.35581922500016816	76.0	0	0.0	76.0	0	0.0
CassandraWriteRequest	1000	10	31500.0	2980	0.501106469990785	31500.0	2967	0.49892043505458367	31.5	1624	0.27308621049162246	84.0	0	0.0	84.0	0	0.0
CassandraWriteRequest	1000	11	34500.0	2987	0.5022835657256627	34500.0	2990	0.5027880353263245	34.5	1302	0.21893980668724905	92.0	0	0.0	92.0	0	0.0
CassandraWriteRequest	1000	12	37500.0	2969	0.4992567481216916	37500.0	2976	0.5004338438565692	37.5	956	0.1607576460775807	100.0	0	0.0	100.0	0	0.0
CassandraWriteRequest	1000	13	40500.0	2988	0.5024517222592166	40500.0	2991	0.5029561918598785	40.5	891	0.14982747139657365	108.0	0	0.0	108.0	0	0.0
CassandraWriteRequest	1000	14	43500.0	2985	0.5019472526585548	43500.0	2985	0.5019472526585548	43.5	1417	0.23827780804595383	116.0	0	0.0	116.0	0	0.0
CassandraWriteRequest	1000	15	46500.0	2998	0.5041332875947563	46500.0	2994	0.5034606614605405	46.5	954	0.1604213330104728	124.0	0	0.0	124.0	0	0.0
CassandraWriteRequest	1000	16	49500.0	2996	0.5037969745276484	49500.0	3000	0.5044696006618642	49.5	352	0.05919109981099206	132.0	0	0.0	132.0	0	0.0
CassandraWriteRequest	1000	17	52500.0	2993	0.5032925049269864	52500.0	2991	0.5029561918598785	52.5	270	0.04540226405956777	140.0	0	0.0	140.0	0	0.0
CassandraWriteRequest	1000	18	55500.0	2992	0.5031243483934325	55500.0	2990	0.5027880353263245	55.5	187	0.03144527177458953	148.0	0	0.0	148.0	0	0.0
CassandraWriteRequest	1000	19	58500.0	2990	0.5027880353263245	58500.0	2994	0.5034606614605405	58.5	127	0.02135587976135225	156.0	0	0.0	156.0	0	0.0
CassandraWriteRequest	1000	20	61500.0	2999	0.5043014441283102	61500.0	2999	0.5043014441283102	61.5	120	0.020178784026474567	164.0	0	0.0	164.0	0	0.0
CassandraWriteRequest	1000	21	64500.0	3000	0.5044696006618642	64500.0	3000	0.5044696006618642	64.5	146	0.024550853898877387	172.0	0	0.0	172.0	0	0.0
CassandraWriteRequest	1000	22	67500.0	2986	0.5021154091921087	67500.0	2986	0.5021154091921087	67.5	172	0.02892292377128021	180.0	0	0.0	180.0	0	0.0
CassandraWriteRequest	1000	23	70500.0	2982	0.5014427830578929	70500.0	2981	0.501274626524339	70.5	157	0.02640057576797089	188.0	0	0.0	188.0	0	0.0
CassandraWriteRequest	1000	24	73500.0	2966	0.49875227852102966	73500.0	2967	0.49892043505458367	73.5	136	0.02286928856333784	196.0	0	0.0	196.0	0	0.0
CassandraWriteRequest	1000	25	76500.0	2984	0.5017790961250008	76500.0	2962	0.49807965238681384	76.5	118	0.019842470959366657	204.0	0	0.0	204.0	0	0.0
CassandraWriteRequest	1000	26	79500.0	2975	0.5002656873230152	79500.0	2994	0.5034606614605405	79.5	118	0.019842470959366657	212.0	0	0.0	212.0	0	0.0
CassandraWriteRequest	1000	27	82500.0	2972	0.49976121772235343	82500.0	2974	0.5000975307894613	82.5	137	0.023037445096891797	220.0	0	0.0	220.0	0	0.0
CassandraWriteRequest	1000	28	85500.0	2999	0.5043014441283102	85500.0	3000	0.5044696006618642	85.5	154	0.025896106167309026	228.0	0	0.0	228.0	0	0.0
CassandraWriteRequest	1000	29	88500.0	2756	0.46343940647469917	88500.0	2756	0.46343940647469917	88.5	156	0.026232419234416937	236.0	0	0.0	236.0	0	0.0
CassandraWriteRequest	1000	30	91500.0	3000	0.5044696006618642	91500.0	3000	0.5044696006618642	91.5	182	0.030604489106819757	244.0	0	0.0	244.0	0	0.0
CassandraWriteRequest	1000	31	94500.0	3000	0.5044696006618642	94500.0	2996	0.5037969745276484	94.5	105	0.017656436023165245	252.0	0	0.0	252.0	0	0.0
CassandraWriteRequest	1000	32	97500.0	2995	0.5036288179940944	97500.0	2999	0.5043014441283102	97.5	137	0.023037445096891797	260.0	0	0.0	260.0	0	0.0
CassandraWriteRequest	1000	33	100500.0	2995	0.5036288179940944	100500.0	2995	0.5036288179940944	100.5	109	0.018329062157381063	268.0	0	0.0	268.0	0	0.0
CassandraWriteRequest	1000	34	103500.0	2795	0.4699975112833034	103500.0	2795	0.4699975112833034	103.5	172	0.02892292377128021	276.0	0	0.0	276.0	0	0.0
CassandraWriteRequest	1000	35	106500.0	2999	0.5043014441283102	106500.0	2999	0.5043014441283102	106.5	145	0.024382697365323433	284.0	0	0.0	284.0	0	0.0
CassandraWriteRequest	1000	36	109500.0	2994	0.5034606614605405	109500.0	2992	0.5031243483934325	109.5	168	0.02825029763706439	292.0	0	0.0	292.0	0	0.0
CassandraWriteRequest	1000	37	112500.0	2956	0.4970707131854901	112500.0	2958	0.49740702625259803	112.5	120	0.020178784026474567	300.0	0	0.0	300.0	0	0.0
CassandraWriteRequest	1000	38	115500.0	2997	0.5039651310612023	115500.0	2996	0.5037969745276484	115.5	99	0.016647496821841516	308.0	0	0.0	308.0	0	0.0
CassandraWriteRequest	1000	39	118500.0	2999	0.5043014441283102	118500.0	3000	0.5044696006618642	118.5	111	0.018665375224488974	316.0	0	0.0	316.0	0	0.0
CassandraWriteRequest	1000	40	121500.0	2990	0.5027880353263245	121500.0	2989	0.5026198787927706	121.5	79	0.013284366150762422	324.0	0	0.0	324.0	0	0.0
CassandraWriteRequest	1000	41	124500.0	2998	0.5041332875947563	124500.0	2997	0.5039651310612023	124.5	108	0.01816090562382711	332.0	0	0.0	332.0	0	0.0
CassandraWriteRequest	1000	42	127500.0	2995	0.5036288179940944	127500.0	2997	0.5039651310612023	127.5	106	0.0178245925567192	340.0	0	0.0	340.0	0	0.0
CassandraWriteRequest	1000	43	130500.0	2997	0.5039651310612023	130500.0	2996	0.5037969745276484	130.5	126	0.021187723227798293	348.0	0	0.0	348.0	0	0.0
CassandraWriteRequest	1000	44	133500.0	2999	0.5043014441283102	133500.0	2996	0.5037969745276484	133.5	113	0.01900168829159688	356.0	0	0.0	356.0	0	0.0
CassandraWriteRequest	1000	45	136500.0	2993	0.5032925049269864	136500.0	2996	0.5037969745276484	136.5	101	0.016983809888949427	364.0	0	0.0	364.0	0	0.0
CassandraWriteRequest	1000	46	139500.0	2976	0.5004338438565692	139500.0	2975	0.5002656873230152	139.5	111	0.018665375224488974	372.0	0	0.0	372.0	0	0.0
CassandraWriteRequest	1000	47	142500.0	2827	0.47537852035703	142500.0	2829	0.4757148334241379	142.5	86	0.014461461885640105	380.0	0	0.0	380.0	0	0.0
CassandraWriteRequest	1000	48	145500.0	3000	0.5044696006618642	145500.0	3000	0.5044696006618642	145.5	79	0.013284366150762422	388.0	0	0.0	388.0	0	0.0
CassandraWriteRequest	1000	49	148500.0	2998	0.5041332875947563	148500.0	2996	0.5037969745276484	148.5	67	0.011266487748114966	396.0	0	0.0	396.0	0	0.0
CassandraWriteRequest	1000	50	151500.0	2917	0.49051260837688593	151500.0	2904	0.4883265734406845	151.5	63	0.010593861613899146	404.0	0	0.0	404.0	0	0.0
CassandraWriteRequest	1000	51	154500.0	2974	0.5000975307894613	154500.0	2984	0.5017790961250008	154.5	50	0.008407826677697735	412.0	0	0.0	412.0	0	0.0
CassandraWriteRequest	1000	52	157500.0	2992	0.5031243483934325	157500.0	2997	0.5039651310612023	157.5	55	0.00924860934546751	420.0	0	0.0	420.0	0	0.0
CassandraWriteRequest	1000	53	160500.0	3000	0.5044696006618642	160500.0	3000	0.5044696006618642	160.5	39	0.006558104808604234	428.0	0	0.0	428.0	0	0.0
CassandraWriteRequest	1000	54	163500.0	3000	0.5044696006618642	163500.0	3000	0.5044696006618642	163.5	45	0.007567044009927962	436.0	0	0.0	436.0	0	0.0
CassandraWriteRequest	1000	55	166500.0	2963	0.4982478089203678	166500.0	2943	0.4948846782492887	166.5	56	0.009416765879021464	444.0	0	0.0	444.0	0	0.0
CassandraWriteRequest	1000	56	169500.0	2954	0.4967344001183822	169500.0	2947	0.49555730438350454	169.5	47	0.007903357077035872	452.0	0	0.0	452.0	0	0.0
CassandraWriteRequest	1000	57	172500.0	2943	0.4948846782492887	172500.0	2961	0.4979114958532599	172.5	69	0.011602800815222875	460.0	0	0.0	460.0	0	0.0
CassandraWriteRequest	1000	58	175500.0	2976	0.5004338438565692	175500.0	2982	0.5014427830578929	175.5	37	0.006221791741496324	468.0	0	0.0	468.0	0	0.0
CassandraWriteRequest	1000	59	178500.0	2996	0.5037969745276484	178500.0	2999	0.5043014441283102	178.5	33	0.005549165607280505	476.0	0	0.0	476.0	0	0.0
CassandraWriteRequest	1000	60	181500.0	2998	0.5041332875947563	181500.0	2997	0.5039651310612023	181.5	35	0.005885478674388415	484.0	0	0.0	484.0	0	0.0
CassandraWriteRequest	1000	61	184500.0	2993	0.5032925049269864	184500.0	2988	0.5024517222592166	184.5	53	0.0089122962783596	492.0	0	0.0	492.0	0	0.0
CassandraWriteRequest	1000	62	187500.0	2993	0.5032925049269864	187500.0	2999	0.5043014441283102	187.5	35	0.005885478674388415	500.0	0	0.0	500.0	0	0.0
CassandraWriteRequest	1000	63	190500.0	3000	0.5044696006618642	190500.0	3000	0.5044696006618642	190.5	60	0.010089392013237284	508.0	0	0.0	508.0	0	0.0
CassandraWriteRequest	1000	64	193500.0	2998	0.5041332875947563	193500.0	2991	0.5029561918598785	193.5	32	0.005381009073726551	516.0	0	0.0	516.0	0	0.0
CassandraWriteRequest	1000	65	196500.0	2967	0.49892043505458367	196500.0	2971	0.4995930611887995	196.5	20	0.0033631306710790944	524.0	0	0.0	524.0	0	0.0
CassandraWriteRequest	1000	66	199500.0	2968	0.4990885915881376	199500.0	2964	0.49841596545392175	199.5	9	0.0015134088019855925	532.0	0	0.0	532.0	0	0.0
CassandraWriteRequest	1000	67	202500.0	2982	0.5014427830578929	202500.0	2988	0.5024517222592166	202.5	7	0.001177095734877683	540.0	0	0.0	540.0	0	0.0
CassandraWriteRequest	1000	68	205500.0	2976	0.5004338438565692	205500.0	2977	0.5006020003901231	205.5	18	0.003026817603971185	548.0	0	0.0	548.0	0	0.0
CassandraWriteRequest	1000	69	208500.0	2989	0.5026198787927706	208500.0	2985	0.5019472526585548	208.5	13	0.0021860349362014114	556.0	0	0.0	556.0	0	0.0
CassandraWriteRequest	1000	70	211500.0	2927	0.49219417371242546	211500.0	2931	0.4928667998466413	211.5	17	0.00285866107041723	564.0	0	0.0	564.0	0	0.0
CassandraWriteRequest	1000	71	214500.0	2978	0.5007701569236771	214500.0	2969	0.4992567481216916	214.5	15	0.002522348003309321	572.0	0	0.0	572.0	0	0.0
CassandraWriteRequest	1000	72	217500.0	2964	0.49841596545392175	217500.0	2928	0.4923623302459794	217.5	14	0.002354191469755366	580.0	0	0.0	580.0	0	0.0
CassandraWriteRequest	1000	73	220500.0	2931	0.4928667998466413	220500.0	2976	0.5004338438565692	220.5	33	0.005549165607280505	588.0	0	0.0	588.0	0	0.0
CassandraWriteRequest	1000	74	223500.0	2974	0.5000975307894613	223500.0	2959	0.497575182786152	223.5	8	0.0013452522684316377	596.0	0	0.0	596.0	0	0.0
CassandraWriteRequest	1000	75	226500.0	2975	0.5002656873230152	226500.0	2982	0.5014427830578929	226.5	13	0.0021860349362014114	604.0	0	0.0	604.0	0	0.0
CassandraWriteRequest	1000	76	229500.0	2981	0.501274626524339	229500.0	2987	0.5022835657256627	229.5	14	0.002354191469755366	612.0	0	0.0	612.0	0	0.0
CassandraWriteRequest	1000	77	232500.0	2998	0.5041332875947563	232500.0	2995	0.5036288179940944	232.5	7	0.001177095734877683	620.0	0	0.0	620.0	0	0.0
CassandraWriteRequest	1000	78	235500.0	2916	0.490344451843332	235500.0	2919	0.49084892144399384	235.5	7	0.001177095734877683	628.0	0	0.0	628.0	0	0.0
CassandraWriteRequest	1000	79	238500.0	2997	0.5039651310612023	238500.0	2997	0.5039651310612023	238.5	7	0.001177095734877683	636.0	0	0.0	636.0	0	0.0
CassandraWriteRequest	1000	80	241500.0	2946	0.4953891478499506	241500.0	2884	0.4849634427696054	241.5	21	0.003531287204633049	644.0	0	0.0	644.0	0	0.0
CassandraWriteRequest	1000	81	244500.0	2936	0.49370758251441105	244500.0	3000	0.5044696006618642	244.5	6	0.0010089392013237282	652.0	0	0.0	652.0	0	0.0
CassandraWriteRequest	1000	82	247500.0	3000	0.5044696006618642	247500.0	3000	0.5044696006618642	247.5	3	5.044696006618641E-4	660.0	0	0.0	660.0	0	0.0
CassandraWriteRequest	1000	83	250500.0	3000	0.5044696006618642	250500.0	2998	0.5041332875947563	250.5	3	5.044696006618641E-4	668.0	0	0.0	668.0	0	0.0
CassandraWriteRequest	1000	84	253500.0	2993	0.5032925049269864	253500.0	2993	0.5032925049269864	253.5	2	3.3631306710790943E-4	676.0	0	0.0	676.0	0	0.0
CassandraWriteRequest	1000	85	256500.0	2996	0.5037969745276484	256500.0	2998	0.5041332875947563	256.5	0	0.0	684.0	0	0.0	684.0	0	0.0
CassandraWriteRequest	1000	86	259500.0	2999	0.5043014441283102	259500.0	2999	0.5043014441283102	259.5	0	0.0	692.0	0	0.0	692.0	0	0.0
CassandraWriteRequest	1000	87	262500.0	2968	0.4990885915881376	262500.0	2958	0.49740702625259803	262.5	2	3.3631306710790943E-4	700.0	0	0.0	700.0	0	0.0
CassandraWriteRequest	1000	88	265500.0	2987	0.5022835657256627	265500.0	2995	0.5036288179940944	265.5	0	0.0	708.0	0	0.0	708.0	0	0.0
CassandraWriteRequest	1000	89	268500.0	2993	0.5032925049269864	268500.0	2995	0.5036288179940944	268.5	0	0.0	716.0	0	0.0	716.0	0	0.0
CassandraWriteRequest	1000	90	271500.0	2980	0.501106469990785	271500.0	2980	0.501106469990785	271.5	0	0.0	724.0	0	0.0	724.0	0	0.0
CassandraWriteRequest	1000	91	274500.0	3000	0.5044696006618642	274500.0	3000	0.5044696006618642	274.5	0	0.0	732.0	0	0.0	732.0	0	0.0
CassandraWriteRequest	1000	92	277500.0	2997	0.5039651310612023	277500.0	2997	0.5039651310612023	277.5	0	0.0	740.0	0	0.0	740.0	0	0.0
CassandraWriteRequest	1000	93	280500.0	3000	0.5044696006618642	280500.0	2996	0.5037969745276484	280.5	0	0.0	748.0	0	0.0	748.0	0	0.0
CassandraWriteRequest	1000	94	283500.0	2995	0.5036288179940944	283500.0	2998	0.5041332875947563	283.5	0	0.0	756.0	0	0.0	756.0	0	0.0
CassandraWriteRequest	1000	95	286500.0	2994	0.5034606614605405	286500.0	2995	0.5036288179940944	286.5	1	1.6815653355395471E-4	764.0	0	0.0	764.0	0	0.0
CassandraWriteRequest	1000	96	289500.0	2949	0.49589361745061245	289500.0	2920	0.4910170779775478	289.5	0	0.0	772.0	0	0.0	772.0	0	0.0
CassandraWriteRequest	1000	97	292500.0	2951	0.49622993051772035	292500.0	2974	0.5000975307894613	292.5	0	0.0	780.0	0	0.0	780.0	0	0.0
CassandraWriteRequest	1000	98	295500.0	2993	0.5032925049269864	295500.0	2988	0.5024517222592166	295.5	0	0.0	788.0	0	0.0	788.0	0	0.0
CassandraWriteRequest	1000	99	298500.0	2982	0.5014427830578929	298500.0	2988	0.5024517222592166	298.5	2	3.3631306710790943E-4	796.0	0	0.0	796.0	0	0.0
CassandraWriteRequest	1000	100	301500.0	2992	0.5031243483934325	301500.0	2997	0.5039651310612023	301.5	0	0.0	804.0	0	0.0	804.0	0	0.0
CassandraWriteRequest	1000	101	304500.0	2983	0.5016109395914469	304500.0	2978	0.5007701569236771	304.5	0	0.0	812.0	0	0.0	812.0	0	0.0
CassandraWriteRequest	1000	102	307500.0	2995	0.5036288179940944	307500.0	2995	0.5036288179940944	307.5	1	1.6815653355395471E-4	820.0	0	0.0	820.0	0	0.0
CassandraWriteRequest	1000	103	310500.0	2992	0.5031243483934325	310500.0	2938	0.49404389558151895	310.5	0	0.0	828.0	0	0.0	828.0	0	0.0
CassandraWriteRequest	1000	104	313500.0	2869	0.4824410947662961	313500.0	2896	0.48698132117225285	313.5	1	1.6815653355395471E-4	836.0	0	0.0	836.0	0	0.0
CassandraWriteRequest	1000	105	316500.0	2902	0.48799026037357657	316500.0	2920	0.4910170779775478	316.5	0	0.0	844.0	0	0.0	844.0	0	0.0
CassandraWriteRequest	1000	106	319500.0	2980	0.501106469990785	319500.0	2989	0.5026198787927706	319.5	0	0.0	852.0	0	0.0	852.0	0	0.0
CassandraWriteRequest	1000	107	322500.0	2990	0.5027880353263245	322500.0	2995	0.5036288179940944	322.5	0	0.0	860.0	0	0.0	860.0	0	0.0
CassandraWriteRequest	1000	108	325500.0	2996	0.5037969745276484	325500.0	2996	0.5037969745276484	325.5	0	0.0	868.0	0	0.0	868.0	0	0.0
CassandraWriteRequest	1000	109	328500.0	2999	0.5043014441283102	328500.0	2999	0.5043014441283102	328.5	0	0.0	876.0	0	0.0	876.0	0	0.0
CassandraWriteRequest	1000	110	331500.0	3000	0.5044696006618642	331500.0	3000	0.5044696006618642	331.5	0	0.0	884.0	0	0.0	884.0	0	0.0
CassandraWriteRequest	1000	111	334500.0	2991	0.5029561918598785	334500.0	2989	0.5026198787927706	334.5	0	0.0	892.0	0	0.0	892.0	0	0.0
CassandraWriteRequest	1000	112	337500.0	2990	0.5027880353263245	337500.0	2992	0.5031243483934325	337.5	0	0.0	900.0	0	0.0	900.0	0	0.0
CassandraWriteRequest	1000	113	340500.0	2978	0.5007701569236771	340500.0	2978	0.5007701569236771	340.5	0	0.0	908.0	0	0.0	908.0	0	0.0
CassandraWriteRequest	1000	114	343500.0	2973	0.4999293742559074	343500.0	2973	0.4999293742559074	343.5	0	0.0	916.0	0	0.0	916.0	0	0.0
CassandraWriteRequest	1000	115	346500.0	2976	0.5004338438565692	346500.0	2975	0.5002656873230152	346.5	0	0.0	924.0	0	0.0	924.0	0	0.0
CassandraWriteRequest	1000	116	349500.0	2967	0.49892043505458367	349500.0	2964	0.49841596545392175	349.5	0	0.0	932.0	0	0.0	932.0	0	0.0
CassandraWriteRequest	1000	117	352500.0	2961	0.4979114958532599	352500.0	2952	0.4963980870512743	352.5	0	0.0	940.0	0	0.0	940.0	0	0.0
CassandraWriteRequest	1000	118	355500.0	2974	0.5000975307894613	355500.0	2978	0.5007701569236771	355.5	0	0.0	948.0	0	0.0	948.0	0	0.0
CassandraWriteRequest	1000	119	358500.0	2975	0.5002656873230152	358500.0	2984	0.5017790961250008	358.5	0	0.0	956.0	0	0.0	956.0	0	0.0
CassandraWriteRequest	1000	120	361500.0	2996	0.5037969745276484	361500.0	2995	0.5036288179940944	361.5	0	0.0	964.0	0	0.0	964.0	0	0.0
CassandraWriteRequest	1000	121	364500.0	2994	0.5034606614605405	364500.0	2995	0.5036288179940944	364.5	0	0.0	972.0	0	0.0	972.0	0	0.0
CassandraWriteRequest	1000	122	367500.0	2961	0.4979114958532599	367500.0	2909	0.48916735610845424	367.5	0	0.0	980.0	0	0.0	980.0	0	0.0
CassandraWriteRequest	1000	123	370500.0	2849	0.47907796409521697	370500.0	2896	0.48698132117225285	370.5	0	0.0	988.0	0	0.0	988.0	0	0.0
CassandraWriteRequest	1000	124	373500.0	2992	0.5031243483934325	373500.0	2996	0.5037969745276484	373.5	0	0.0	996.0	0	0.0	996.0	0	0.0
CassandraWriteRequest	1000	125	376500.0	2998	0.5041332875947563	376500.0	2997	0.5039651310612023	376.5	0	0.0	1004.0	0	0.0	1004.0	0	0.0
CassandraWriteRequest	1000	126	379500.0	2995	0.5036288179940944	379500.0	2991	0.5029561918598785	379.5	0	0.0	1012.0	0	0.0	1012.0	0	0.0
CassandraWriteRequest	1000	127	382500.0	2994	0.5034606614605405	382500.0	2999	0.5043014441283102	382.5	0	0.0	1020.0	0	0.0	1020.0	0	0.0
CassandraWriteRequest	1000	128	385500.0	2995	0.5036288179940944	385500.0	2996	0.5037969745276484	385.5	0	0.0	1028.0	0	0.0	1028.0	0	0.0
CassandraWriteRequest	1000	129	388500.0	2987	0.5022835657256627	388500.0	2983	0.5016109395914469	388.5	0	0.0	1036.0	0	0.0	1036.0	0	0.0
CassandraWriteRequest	1000	130	391500.0	2957	0.4972388697190441	391500.0	2958	0.49740702625259803	391.5	0	0.0	1044.0	0	0.0	1044.0	0	0.0
CassandraWriteRequest	1000	131	394500.0	2987	0.5022835657256627	394500.0	2981	0.501274626524339	394.5	0	0.0	1052.0	0	0.0	1052.0	0	0.0
CassandraWriteRequest	1000	132	397500.0	2987	0.5022835657256627	397500.0	2989	0.5026198787927706	397.5	0	0.0	1060.0	0	0.0	1060.0	0	0.0
CassandraWriteRequest	1000	133	400500.0	2983	0.5016109395914469	400500.0	2988	0.5024517222592166	400.5	0	0.0	1068.0	0	0.0	1068.0	0	0.0
CassandraWriteRequest	1000	134	403500.0	2925	0.49185786064531756	403500.0	2926	0.4920260171788715	403.5	0	0.0	1076.0	0	0.0	1076.0	0	0.0
CassandraWriteRequest	1000	135	406500.0	2988	0.5024517222592166	406500.0	2989	0.5026198787927706	406.5	0	0.0	1084.0	0	0.0	1084.0	0	0.0
CassandraWriteRequest	1000	136	409500.0	2988	0.5024517222592166	409500.0	2927	0.49219417371242546	409.5	0	0.0	1092.0	0	0.0	1092.0	0	0.0
CassandraWriteRequest	1000	137	412500.0	2901	0.4878221038400226	412500.0	2928	0.4923623302459794	412.5	0	0.0	1100.0	0	0.0	1100.0	0	0.0
CassandraWriteRequest	1000	138	415500.0	2951	0.49622993051772035	415500.0	2976	0.5004338438565692	415.5	0	0.0	1108.0	0	0.0	1108.0	0	0.0
CassandraWriteRequest	1000	139	418500.0	2980	0.501106469990785	418500.0	2989	0.5026198787927706	418.5	4	6.726261342158189E-4	1116.0	0	0.0	1116.0	0	0.0
CassandraWriteRequest	1000	140	421500.0	2996	0.5037969745276484	421500.0	2996	0.5037969745276484	421.5	11	0.001849721869093502	1124.0	0	0.0	1124.0	0	0.0
CassandraWriteRequest	1000	141	424500.0	3000	0.5044696006618642	424500.0	2997	0.5039651310612023	424.5	3	5.044696006618641E-4	1132.0	0	0.0	1132.0	0	0.0
CassandraWriteRequest	1000	142	427500.0	2993	0.5032925049269864	427500.0	2996	0.5037969745276484	427.5	0	0.0	1140.0	0	0.0	1140.0	0	0.0
CassandraWriteRequest	1000	143	430500.0	2996	0.5037969745276484	430500.0	2992	0.5031243483934325	430.5	0	0.0	1148.0	0	0.0	1148.0	0	0.0
CassandraWriteRequest	1000	144	433500.0	2996	0.5037969745276484	433500.0	2998	0.5041332875947563	433.5	0	0.0	1156.0	0	0.0	1156.0	0	0.0
CassandraWriteRequest	1000	145	436500.0	2998	0.5041332875947563	436500.0	3000	0.5044696006618642	436.5	0	0.0	1164.0	0	0.0	1164.0	0	0.0
CassandraWriteRequest	1000	146	439500.0	2794	0.46982935474974946	439500.0	2794	0.46982935474974946	439.5	0	0.0	1172.0	0	0.0	1172.0	0	0.0
CassandraWriteRequest	1000	147	442500.0	3000	0.5044696006618642	442500.0	3000	0.5044696006618642	442.5	0	0.0	1180.0	0	0.0	1180.0	0	0.0
CassandraWriteRequest	1000	148	445500.0	2999	0.5043014441283102	445500.0	2999	0.5043014441283102	445.5	0	0.0	1188.0	0	0.0	1188.0	0	0.0
CassandraWriteRequest	1000	149	448500.0	2998	0.5041332875947563	448500.0	2998	0.5041332875947563	448.5	0	0.0	1196.0	0	0.0	1196.0	0	0.0
CassandraWriteRequest	1000	150	451500.0	2995	0.5036288179940944	451500.0	2994	0.5034606614605405	451.5	0	0.0	1204.0	0	0.0	1204.0	0	0.0
CassandraWriteRequest	1000	151	454500.0	2936	0.49370758251441105	454500.0	2900	0.48765394730646866	454.5	0	0.0	1212.0	0	0.0	1212.0	0	0.0
CassandraWriteRequest	1000	152	457500.0	2951	0.49622993051772035	457500.0	2978	0.5007701569236771	457.5	0	0.0	1220.0	0	0.0	1220.0	0	0.0
CassandraWriteRequest	1000	153	460500.0	2965	0.4985841219874757	460500.0	2955	0.49690255665193617	460.5	0	0.0	1228.0	0	0.0	1228.0	0	0.0
CassandraWriteRequest	1000	154	463500.0	2932	0.49303495638019523	463500.0	2927	0.49219417371242546	463.5	0	0.0	1236.0	0	0.0	1236.0	0	0.0
CassandraWriteRequest	1000	155	466500.0	2945	0.49522099131639663	466500.0	2959	0.497575182786152	466.5	0	0.0	1244.0	0	0.0	1244.0	0	0.0
CassandraWriteRequest	1000	156	469500.0	2988	0.5024517222592166	469500.0	2999	0.5043014441283102	469.5	0	0.0	1252.0	0	0.0	1252.0	0	0.0
CassandraWriteRequest	1000	157	472500.0	3000	0.5044696006618642	472500.0	3000	0.5044696006618642	472.5	0	0.0	1260.0	0	0.0	1260.0	0	0.0
CassandraWriteRequest	1000	158	475500.0	3000	0.5044696006618642	475500.0	2989	0.5026198787927706	475.5	0	0.0	1268.0	0	0.0	1268.0	0	0.0
CassandraWriteRequest	1000	159	478500.0	2977	0.5006020003901231	478500.0	2962	0.49807965238681384	478.5	0	0.0	1276.0	0	0.0	1276.0	0	0.0
CassandraWriteRequest	1000	160	481500.0	2967	0.49892043505458367	481500.0	2993	0.5032925049269864	481.5	0	0.0	1284.0	0	0.0	1284.0	0	0.0
CassandraWriteRequest	1000	161	484500.0	2985	0.5019472526585548	484500.0	2984	0.5017790961250008	484.5	0	0.0	1292.0	0	0.0	1292.0	0	0.0
CassandraWriteRequest	1000	162	487500.0	2997	0.5039651310612023	487500.0	2992	0.5031243483934325	487.5	0	0.0	1300.0	0	0.0	1300.0	0	0.0
CassandraWriteRequest	1000	163	490500.0	2980	0.501106469990785	490500.0	2985	0.5019472526585548	490.5	0	0.0	1308.0	0	0.0	1308.0	0	0.0
CassandraWriteRequest	1000	164	493500.0	2988	0.5024517222592166	493500.0	2988	0.5024517222592166	493.5	0	0.0	1316.0	0	0.0	1316.0	0	0.0
CassandraWriteRequest	1000	165	496500.0	2998	0.5041332875947563	496500.0	2992	0.5031243483934325	496.5	0	0.0	1324.0	0	0.0	1324.0	0	0.0
CassandraWriteRequest	1000	166	499500.0	2944	0.4950528347828427	499500.0	2951	0.49622993051772035	499.5	0	0.0	1332.0	0	0.0	1332.0	0	0.0
CassandraWriteRequest	1000	167	502500.0	2954	0.4967344001183822	502500.0	2948	0.4957254609170585	502.5	0	0.0	1340.0	0	0.0	1340.0	0	0.0
CassandraWriteRequest	1000	168	505500.0	2965	0.4985841219874757	505500.0	2967	0.49892043505458367	505.5	0	0.0	1348.0	0	0.0	1348.0	0	0.0
CassandraWriteRequest	1000	169	508500.0	2980	0.501106469990785	508500.0	2974	0.5000975307894613	508.5	0	0.0	1356.0	0	0.0	1356.0	0	0.0
CassandraWriteRequest	1000	170	511500.0	2837	0.4770600856925695	511500.0	2826	0.47521036382347603	511.5	0	0.0	1364.0	0	0.0	1364.0	0	0.0
CassandraWriteRequest	1000	171	514500.0	2977	0.5006020003901231	514500.0	2993	0.5032925049269864	514.5	0	0.0	1372.0	0	0.0	1372.0	0	0.0
CassandraWriteRequest	1000	172	517500.0	2975	0.5002656873230152	517500.0	2969	0.4992567481216916	517.5	0	0.0	1380.0	0	0.0	1380.0	0	0.0
CassandraWriteRequest	1000	173	520500.0	2973	0.4999293742559074	520500.0	2982	0.5014427830578929	520.5	0	0.0	1388.0	0	0.0	1388.0	0	0.0
CassandraWriteRequest	1000	174	523500.0	2992	0.5031243483934325	523500.0	2993	0.5032925049269864	523.5	0	0.0	1396.0	0	0.0	1396.0	0	0.0
CassandraWriteRequest	1000	175	526500.0	2974	0.5000975307894613	526500.0	2966	0.49875227852102966	526.5	0	0.0	1404.0	0	0.0	1404.0	0	0.0
CassandraWriteRequest	1000	176	529500.0	2979	0.500938313457231	529500.0	2987	0.5022835657256627	529.5	0	0.0	1412.0	0	0.0	1412.0	0	0.0
CassandraWriteRequest	1000	177	532500.0	2989	0.5026198787927706	532500.0	2990	0.5027880353263245	532.5	0	0.0	1420.0	0	0.0	1420.0	0	0.0
CassandraWriteRequest	1000	178	535500.0	3000	0.5044696006618642	535500.0	3000	0.5044696006618642	535.5	0	0.0	1428.0	0	0.0	1428.0	0	0.0
CassandraWriteRequest	1000	179	538500.0	2997	0.5039651310612023	538500.0	2996	0.5037969745276484	538.5	0	0.0	1436.0	0	0.0	1436.0	0	0.0
CassandraWriteRequest	1000	180	541500.0	2993	0.5032925049269864	541500.0	2994	0.5034606614605405	541.5	0	0.0	1444.0	0	0.0	1444.0	0	0.0
CassandraWriteRequest	1000	181	544500.0	2989	0.5026198787927706	544500.0	2987	0.5022835657256627	544.5	0	0.0	1452.0	0	0.0	1452.0	0	0.0
CassandraWriteRequest	1000	182	547500.0	2984	0.5017790961250008	547500.0	2975	0.5002656873230152	547.5	0	0.0	1460.0	0	0.0	1460.0	0	0.0
CassandraWriteRequest	1000	183	550500.0	2973	0.4999293742559074	550500.0	2954	0.4967344001183822	550.5	0	0.0	1468.0	0	0.0	1468.0	0	0.0
CassandraWriteRequest	1000	184	553500.0	2960	0.49774333931970594	553500.0	2989	0.5026198787927706	553.5	0	0.0	1476.0	0	0.0	1476.0	0	0.0
CassandraWriteRequest	1000	185	556500.0	2998	0.5041332875947563	556500.0	2999	0.5043014441283102	556.5	0	0.0	1484.0	0	0.0	1484.0	0	0.0
CassandraWriteRequest	1000	186	559500.0	2999	0.5043014441283102	559500.0	2999	0.5043014441283102	559.5	0	0.0	1492.0	0	0.0	1492.0	0	0.0
CassandraWriteRequest	1000	187	562500.0	3000	0.5044696006618642	562500.0	3000	0.5044696006618642	562.5	0	0.0	1500.0	0	0.0	1500.0	0	0.0
CassandraWriteRequest	1000	188	565500.0	2996	0.5037969745276484	565500.0	2996	0.5037969745276484	565.5	0	0.0	1508.0	0	0.0	1508.0	0	0.0
CassandraWriteRequest	1000	189	568500.0	3000	0.5044696006618642	568500.0	3000	0.5044696006618642	568.5	0	0.0	1516.0	0	0.0	1516.0	0	0.0
CassandraWriteRequest	1000	190	571500.0	2995	0.5036288179940944	571500.0	2992	0.5031243483934325	571.5	0	0.0	1524.0	0	0.0	1524.0	0	0.0
CassandraWriteRequest	1000	191	574500.0	2701	0.45419079712923166	574500.0	2689	0.4521729187265842	574.5	0	0.0	1532.0	0	0.0	1532.0	0	0.0
CassandraWriteRequest	1000	192	577500.0	2961	0.4979114958532599	577500.0	2975	0.5002656873230152	577.5	0	0.0	1540.0	0	0.0	1540.0	0	0.0
CassandraWriteRequest	1000	193	580500.0	2996	0.5037969745276484	580500.0	2990	0.5027880353263245	580.5	0	0.0	1548.0	0	0.0	1548.0	0	0.0
CassandraWriteRequest	1000	194	583500.0	2978	0.5007701569236771	583500.0	2980	0.501106469990785	583.5	0	0.0	1556.0	0	0.0	1556.0	0	0.0
CassandraWriteRequest	1000	195	586500.0	2995	0.5036288179940944	586500.0	3000	0.5044696006618642	586.5	0	0.0	1564.0	0	0.0	1564.0	0	0.0
CassandraWriteRequest	1000	196	589500.0	2966	0.49875227852102966	589500.0	2966	0.49875227852102966	589.5	0	0.0	1572.0	0	0.0	1572.0	0	0.0
CassandraWriteRequest	1000	197	592500.0	3000	0.5044696006618642	592500.0	3000	0.5044696006618642	592.5	0	0.0	1580.0	0	0.0	1580.0	0	0.0
CassandraWriteRequest	1000	198	595500.0	2996	0.5037969745276484	595500.0	2994	0.5034606614605405	595.5	0	0.0	1588.0	0	0.0	1588.0	0	0.0
CassandraWriteRequest	1000	199	598500.0	2996	0.5037969745276484	598500.0	2998	0.5041332875947563	598.5	0	0.0	1596.0	0	0.0	1596.0	0	0.0
