'Request type'	'Load'	'Bucket'	'Start time'	'Absolute'	'Percent of requests'	'End time'	'Absolute'	'Percent of requests'	'Residence time'	'Absolute'	'Percent of requests'	'Theor. think time'	'Absolute'	'Percent of requests'	'Actual think time'	'Absolute'	'Percent of requests'
CassandraWriteRequest	3000	0	1500.5	8986	0.5109118861779742	1500.5	8983	0.5107413168859051	4.0	1273089	72.38329649036625	6.0	1758816	100.0	6.0	1758816	100.0
CassandraWriteRequest	3000	1	4501.5	8942	0.5084102032276259	4501.5	8881	0.5049419609555519	12.0	309398	17.591265942543163	18.0	0	0.0	18.0	0	0.0
CassandraWriteRequest	3000	2	7502.5	8586	0.48816931390207957	7502.5	8635	0.49095527900587665	20.0	102626	5.834948055964921	30.0	0	0.0	30.0	0	0.0
CassandraWriteRequest	3000	3	10503.5	8979	0.510513891163146	10503.5	8994	0.5113667376234922	28.0	37615	2.138654640394447	42.0	0	0.0	42.0	0	0.0
CassandraWriteRequest	3000	4	13504.5	8991	0.5111961683314229	13504.5	8991	0.5111961683314229	36.0	13453	0.7648895620690283	54.0	0	0.0	54.0	0	0.0
CassandraWriteRequest	3000	5	16505.5	8202	0.46633644451722067	16505.5	8202	0.46633644451722067	44.0	5122	0.29121863799283154	66.0	0	0.0	66.0	0	0.0
CassandraWriteRequest	3000	6	19506.5	9000	0.5117078762076306	19506.5	9000	0.5117078762076306	52.0	1962	0.11155231701326346	78.0	0	0.0	78.0	0	0.0
CassandraWriteRequest	3000	7	22507.5	9000	0.5117078762076306	22507.5	9000	0.5117078762076306	60.0	1259	0.07158224623837854	90.0	0	0.0	90.0	0	0.0
CassandraWriteRequest	3000	8	25508.5	8551	0.4861793388279388	25508.5	8492	0.4828248094172443	68.0	1466	0.08335152739115405	102.0	0	0.0	102.0	0	0.0
CassandraWriteRequest	3000	9	28509.5	8770	0.4986308971489911	28509.5	8826	0.5018148572676163	76.0	1554	0.08835489329185088	114.0	0	0.0	114.0	0	0.0
CassandraWriteRequest	3000	10	31510.5	8951	0.5089219111038334	31510.5	8936	0.5080690646434874	84.0	1730	0.09836162509324455	126.0	0	0.0	126.0	0	0.0
CassandraWriteRequest	3000	11	34511.5	8966	0.5097747575641796	34511.5	8981	0.5106276040245256	92.0	1415	0.08045184942597747	138.0	0	0.0	138.0	0	0.0
CassandraWriteRequest	3000	12	37512.5	8997	0.5115373069155613	37512.5	9000	0.5117078762076306	100.0	1642	0.09335825919254771	150.0	0	0.0	150.0	0	0.0
CassandraWriteRequest	3000	13	40513.5	8830	0.5020422829903753	40513.5	8768	0.49851718428761166	108.0	1331	0.07567590924803959	162.0	0	0.0	162.0	0	0.0
CassandraWriteRequest	3000	14	43514.5	8765	0.49834661499554245	43514.5	8780	0.4991994614558885	116.0	892	0.05071593617524516	174.0	0	0.0	174.0	0	0.0
CassandraWriteRequest	3000	15	46515.5	8786	0.49954060004002687	46515.5	8773	0.4988014664410603	124.0	812	0.04616742172006622	186.0	0	0.0	186.0	0	0.0
CassandraWriteRequest	3000	16	49516.5	7950	0.452008623983407	49516.5	7946	0.45178119826064805	132.0	647	0.03678611065625966	198.0	0	0.0	198.0	0	0.0
CassandraWriteRequest	3000	17	52517.5	8740	0.496925204228299	52517.5	8804	0.5005640157924421	140.0	460	0.026153958117278896	210.0	0	0.0	210.0	0	0.0
CassandraWriteRequest	3000	18	55518.5	8989	0.5110824554700435	55518.5	8980	0.5105707475938358	148.0	283	0.016090369885195493	222.0	0	0.0	222.0	0	0.0
CassandraWriteRequest	3000	19	58519.5	8952	0.5089787675345232	58519.5	8942	0.5084102032276259	156.0	230	0.013076979058639448	234.0	0	0.0	234.0	0	0.0
CassandraWriteRequest	3000	20	61520.5	8780	0.4991994614558885	61520.5	8796	0.5001091643469243	164.0	216	0.012280989028983133	246.0	0	0.0	246.0	0	0.0
CassandraWriteRequest	3000	21	64521.5	8995	0.5114235940541819	64521.5	8990	0.5111393119007331	172.0	205	0.011655568291396029	258.0	0	0.0	258.0	0	0.0
CassandraWriteRequest	3000	22	67522.5	8848	0.5030656987427906	67522.5	8848	0.5030656987427906	180.0	294	0.016715790622782598	270.0	0	0.0	270.0	0	0.0
CassandraWriteRequest	3000	23	70523.5	8958	0.5093199061186616	70523.5	8966	0.5097747575641796	188.0	130	0.007391335989665774	282.0	0	0.0	282.0	0	0.0
CassandraWriteRequest	3000	24	73524.5	8991	0.5111961683314229	73524.5	8980	0.5105707475938358	196.0	148	0.008414751742081035	294.0	0	0.0	294.0	0	0.0
CassandraWriteRequest	3000	25	76525.5	8685	0.4937981005403635	76525.5	8637	0.4910689918672561	204.0	102	0.005799355930353146	306.0	0	0.0	306.0	0	0.0
CassandraWriteRequest	3000	26	79526.5	8719	0.4957312191838145	79526.5	8776	0.49897203573312954	212.0	68	0.0038662372869020974	318.0	0	0.0	318.0	0	0.0
CassandraWriteRequest	3000	27	82527.5	8654	0.4920355511889816	82527.5	8653	0.4919786947582919	220.0	130	0.007391335989665774	330.0	0	0.0	330.0	0	0.0
CassandraWriteRequest	3000	28	85528.5	8950	0.5088650546731437	85528.5	8926	0.50750050033659	228.0	88	0.005003365900696832	342.0	0	0.0	342.0	0	0.0
CassandraWriteRequest	3000	29	88529.5	8948	0.5087513418117643	88529.5	8975	0.5102864654403871	236.0	67	0.003809380856212361	354.0	0	0.0	354.0	0	0.0
CassandraWriteRequest	3000	30	91530.5	8908	0.5064770845841747	91530.5	8863	0.5039185452031366	244.0	39	0.0022174007968997324	366.0	0	0.0	366.0	0	0.0
CassandraWriteRequest	3000	31	94531.5	8908	0.5064770845841747	94531.5	8930	0.507727926059349	252.0	7	3.979950148281571E-4	378.0	0	0.0	378.0	0	0.0
CassandraWriteRequest	3000	32	97532.5	8958	0.5093199061186616	97532.5	8979	0.510513891163146	260.0	3	1.7056929206921018E-4	390.0	0	0.0	390.0	0	0.0
CassandraWriteRequest	3000	33	100533.5	8928	0.5076142131979695	100533.5	8871	0.5043733966486545	268.0	1	5.685643068973673E-5	402.0	0	0.0	402.0	0	0.0
CassandraWriteRequest	3000	34	103534.5	8394	0.4772528792096501	103534.5	8401	0.4776508742244783	276.0	8	4.5485144551789383E-4	414.0	0	0.0	414.0	0	0.0
CassandraWriteRequest	3000	35	106535.5	8745	0.49720948638174767	106535.5	8733	0.4965272092134709	284.0	3	1.7056929206921018E-4	426.0	0	0.0	426.0	0	0.0
CassandraWriteRequest	3000	36	109536.5	8936	0.5080690646434874	109536.5	9000	0.5117078762076306	292.0	19	0.001080272183104998	438.0	0	0.0	438.0	0	0.0
CassandraWriteRequest	3000	37	112537.5	8996	0.5114804504848716	112537.5	8996	0.5114804504848716	300.0	22	0.001250841475174208	450.0	0	0.0	450.0	0	0.0
CassandraWriteRequest	3000	38	115538.5	8979	0.510513891163146	115538.5	8915	0.5068750795990029	308.0	11	6.25420737587104E-4	462.0	0	0.0	462.0	0	0.0
CassandraWriteRequest	3000	39	118539.5	8912	0.5067045103069338	118539.5	8950	0.5088650546731437	316.0	10	5.685643068973672E-4	474.0	0	0.0	474.0	0	0.0
CassandraWriteRequest	3000	40	121540.5	8663	0.49254725906518926	121540.5	8625	0.49038671469897926	324.0	20	0.0011371286137947345	486.0	0	0.0	486.0	0	0.0
CassandraWriteRequest	3000	41	124541.5	8936	0.5080690646434874	124541.5	9000	0.5117078762076306	332.0	8	4.5485144551789383E-4	498.0	0	0.0	498.0	0	0.0
CassandraWriteRequest	3000	42	127542.5	8920	0.5071593617524516	127542.5	8913	0.5067613667376235	340.0	13	7.391335989665775E-4	510.0	0	0.0	510.0	0	0.0
CassandraWriteRequest	3000	43	130543.5	8802	0.5004503029310627	130543.5	8745	0.49720948638174767	348.0	10	5.685643068973672E-4	522.0	0	0.0	522.0	0	0.0
CassandraWriteRequest	3000	44	133544.5	8733	0.4965272092134709	133544.5	8765	0.49834661499554245	356.0	4	2.2742572275894691E-4	534.0	0	0.0	534.0	0	0.0
CassandraWriteRequest	3000	45	136545.5	8819	0.5014168622527883	136545.5	8795	0.5000523079162346	364.0	8	4.5485144551789383E-4	546.0	0	0.0	546.0	0	0.0
CassandraWriteRequest	3000	46	139546.5	8610	0.4895338682386332	139546.5	8643	0.49141013045139453	372.0	21	0.0011939850444844713	558.0	0	0.0	558.0	0	0.0
CassandraWriteRequest	3000	47	142547.5	8896	0.5057948074158979	142547.5	8919	0.5071025053217619	380.0	28	0.0015919800593126284	570.0	0	0.0	570.0	0	0.0
CassandraWriteRequest	3000	48	145548.5	8905	0.5063065152921056	145548.5	8902	0.5061359460000363	388.0	2	1.1371286137947346E-4	582.0	0	0.0	582.0	0	0.0
CassandraWriteRequest	3000	49	148549.5	8485	0.48242681440241614	148549.5	8487	0.4825405272637956	396.0	0	0.0	594.0	0	0.0	594.0	0	0.0
CassandraWriteRequest	3000	50	151550.5	8773	0.4988014664410603	151550.5	8720	0.4957880756145043	404.0	0	0.0	606.0	0	0.0	606.0	0	0.0
CassandraWriteRequest	3000	51	154551.5	8680	0.4935138183869148	154551.5	8700	0.49465094700070955	412.0	0	0.0	618.0	0	0.0	618.0	0	0.0
CassandraWriteRequest	3000	52	157552.5	8898	0.5059085202772774	157552.5	8912	0.5067045103069338	420.0	0	0.0	630.0	0	0.0	630.0	0	0.0
CassandraWriteRequest	3000	53	160553.5	8592	0.488510452486218	160553.5	8549	0.4860656259665593	428.0	0	0.0	642.0	0	0.0	642.0	0	0.0
CassandraWriteRequest	3000	54	163554.5	8824	0.5017011444062369	163554.5	8877	0.504714535232793	436.0	2	1.1371286137947346E-4	654.0	0	0.0	654.0	0	0.0
CassandraWriteRequest	3000	55	166555.5	8852	0.5032931244655495	166555.5	8854	0.503406837326929	444.0	3	1.7056929206921018E-4	666.0	0	0.0	666.0	0	0.0
CassandraWriteRequest	3000	56	169556.5	8842	0.5027245601586522	169556.5	8786	0.49954060004002687	452.0	3	1.7056929206921018E-4	678.0	0	0.0	678.0	0	0.0
CassandraWriteRequest	3000	57	172557.5	8936	0.5080690646434874	172557.5	9000	0.5117078762076306	460.0	0	0.0	690.0	0	0.0	690.0	0	0.0
CassandraWriteRequest	3000	58	175558.5	8997	0.5115373069155613	175558.5	8994	0.5113667376234922	468.0	1	5.685643068973673E-5	702.0	0	0.0	702.0	0	0.0
CassandraWriteRequest	3000	59	178559.5	8795	0.5000523079162346	178559.5	8783	0.4993700307479577	476.0	2	1.1371286137947346E-4	714.0	0	0.0	714.0	0	0.0
CassandraWriteRequest	3000	60	181560.5	8673	0.49311582337208665	181560.5	8668	0.492831541218638	484.0	4	2.2742572275894691E-4	726.0	0	0.0	726.0	0	0.0
CassandraWriteRequest	3000	61	184561.5	8977	0.5104001783017666	184561.5	8974	0.5102296090096974	492.0	3	1.7056929206921018E-4	738.0	0	0.0	738.0	0	0.0
CassandraWriteRequest	3000	62	187562.5	8409	0.47810572566999615	187562.5	8427	0.4791291414224114	500.0	2	1.1371286137947346E-4	750.0	0	0.0	750.0	0	0.0
CassandraWriteRequest	3000	63	190563.5	8994	0.5113667376234922	190563.5	8999	0.5116510197769408	508.0	0	0.0	762.0	0	0.0	762.0	0	0.0
CassandraWriteRequest	3000	64	193564.5	9000	0.5117078762076306	193564.5	9000	0.5117078762076306	516.0	0	0.0	774.0	0	0.0	774.0	0	0.0
CassandraWriteRequest	3000	65	196565.5	9000	0.5117078762076306	196565.5	9000	0.5117078762076306	524.0	0	0.0	786.0	0	0.0	786.0	0	0.0
CassandraWriteRequest	3000	66	199566.5	8967	0.5098316139948692	199566.5	8949	0.5088081982424539	532.0	0	0.0	798.0	0	0.0	798.0	0	0.0
CassandraWriteRequest	3000	67	202567.5	8795	0.5000523079162346	202567.5	8813	0.5010757236686498	540.0	0	0.0	810.0	0	0.0	810.0	0	0.0
CassandraWriteRequest	3000	68	205568.5	9000	0.5117078762076306	205568.5	9000	0.5117078762076306	548.0	0	0.0	822.0	0	0.0	822.0	0	0.0
CassandraWriteRequest	3000	69	208569.5	8837	0.5024402780052035	208569.5	8822	0.5015874315448574	556.0	0	0.0	834.0	0	0.0	834.0	0	0.0
CassandraWriteRequest	3000	70	211570.5	8958	0.5093199061186616	211570.5	8970	0.5100021832869385	564.0	0	0.0	846.0	0	0.0	846.0	0	0.0
CassandraWriteRequest	3000	71	214571.5	8387	0.47685488419482197	214571.5	8326	0.473386641922748	572.0	0	0.0	858.0	0	0.0	858.0	0	0.0
CassandraWriteRequest	3000	72	217572.5	8834	0.5022697087131343	217572.5	8874	0.5045439659407237	580.0	0	0.0	870.0	0	0.0	870.0	0	0.0
CassandraWriteRequest	3000	73	220573.5	8932	0.5078416389207284	220573.5	8953	0.509035623965213	588.0	0	0.0	882.0	0	0.0	882.0	0	0.0
CassandraWriteRequest	3000	74	223574.5	8760	0.4980623328420937	223574.5	8702	0.494764659862089	596.0	0	0.0	894.0	0	0.0	894.0	0	0.0
CassandraWriteRequest	3000	75	226575.5	8931	0.5077847824900388	226575.5	8986	0.5109118861779742	604.0	0	0.0	906.0	0	0.0	906.0	0	0.0
CassandraWriteRequest	3000	76	229576.5	8981	0.5106276040245256	229576.5	8979	0.510513891163146	612.0	0	0.0	918.0	0	0.0	918.0	0	0.0
CassandraWriteRequest	3000	77	232577.5	8631	0.4907278532831177	232577.5	8624	0.49032985826828956	620.0	2	1.1371286137947346E-4	930.0	0	0.0	930.0	0	0.0
CassandraWriteRequest	3000	78	235578.5	8985	0.5108550297472845	235578.5	9000	0.5117078762076306	628.0	1	5.685643068973673E-5	942.0	0	0.0	942.0	0	0.0
CassandraWriteRequest	3000	79	238579.5	8898	0.5059085202772774	238579.5	8837	0.5024402780052035	636.0	2	1.1371286137947346E-4	954.0	0	0.0	954.0	0	0.0
CassandraWriteRequest	3000	80	241580.5	8477	0.48197196295689826	241580.5	8480	0.48214253224896747	644.0	1	5.685643068973673E-5	966.0	0	0.0	966.0	0	0.0
CassandraWriteRequest	3000	81	244581.5	8879	0.5048282480941724	244581.5	8929	0.5076710696286593	652.0	0	0.0	978.0	0	0.0	978.0	0	0.0
CassandraWriteRequest	3000	82	247582.5	8962	0.5095473318414205	247582.5	8960	0.5094336189800411	660.0	0	0.0	990.0	0	0.0	990.0	0	0.0
CassandraWriteRequest	3000	83	250583.5	7176	0.40800174662955074	250583.5	7123	0.4049883558029947	668.0	0	0.0	1002.0	0	0.0	1002.0	0	0.0
CassandraWriteRequest	3000	84	253584.5	8937	0.5081259210741771	253584.5	9000	0.5117078762076306	676.0	0	0.0	1014.0	0	0.0	1014.0	0	0.0
CassandraWriteRequest	3000	85	256585.5	9000	0.5117078762076306	256585.5	9000	0.5117078762076306	684.0	0	0.0	1026.0	0	0.0	1026.0	0	0.0
CassandraWriteRequest	3000	86	259586.5	8973	0.5101727525790076	259586.5	8973	0.5101727525790076	692.0	0	0.0	1038.0	0	0.0	1038.0	0	0.0
CassandraWriteRequest	3000	87	262587.5	8996	0.5114804504848716	262587.5	8996	0.5114804504848716	700.0	0	0.0	1050.0	0	0.0	1050.0	0	0.0
CassandraWriteRequest	3000	88	265588.5	8848	0.5030656987427906	265588.5	8848	0.5030656987427906	708.0	0	0.0	1062.0	0	0.0	1062.0	0	0.0
CassandraWriteRequest	3000	89	268589.5	8545	0.48583820024380037	268589.5	8545	0.48583820024380037	716.0	0	0.0	1074.0	0	0.0	1074.0	0	0.0
CassandraWriteRequest	3000	90	271590.5	9000	0.5117078762076306	271590.5	8952	0.5089787675345232	724.0	0	0.0	1086.0	0	0.0	1086.0	0	0.0
CassandraWriteRequest	3000	91	274591.5	8380	0.4764568891799938	274591.5	8428	0.4791859978531012	732.0	0	0.0	1098.0	0	0.0	1098.0	0	0.0
CassandraWriteRequest	3000	92	277592.5	9000	0.5117078762076306	277592.5	9000	0.5117078762076306	740.0	0	0.0	1110.0	0	0.0	1110.0	0	0.0
CassandraWriteRequest	3000	93	280593.5	8996	0.5114804504848716	280593.5	8993	0.5113098811928024	748.0	0	0.0	1122.0	0	0.0	1122.0	0	0.0
CassandraWriteRequest	3000	94	283594.5	8562	0.4868047595655259	283594.5	8562	0.4868047595655259	756.0	0	0.0	1134.0	0	0.0	1134.0	0	0.0
CassandraWriteRequest	3000	95	286595.5	8812	0.5010188672379601	286595.5	8815	0.5011894365300292	764.0	0	0.0	1146.0	0	0.0	1146.0	0	0.0
CassandraWriteRequest	3000	96	289596.5	8970	0.5100021832869385	289596.5	8967	0.5098316139948692	772.0	0	0.0	1158.0	0	0.0	1158.0	0	0.0
CassandraWriteRequest	3000	97	292597.5	8997	0.5115373069155613	292597.5	8995	0.5114235940541819	780.0	0	0.0	1170.0	0	0.0	1170.0	0	0.0
CassandraWriteRequest	3000	98	295598.5	8995	0.5114235940541819	295598.5	8998	0.5115941633462511	788.0	29	0.0016488364900023652	1182.0	0	0.0	1182.0	0	0.0
CassandraWriteRequest	3000	99	298599.5	8840	0.5026108472972727	298599.5	8784	0.4994268871786474	796.0	34	0.0019331186434510487	1194.0	0	0.0	1194.0	0	0.0
CassandraWriteRequest	3000	100	301600.5	8379	0.47640003274930404	301600.5	8373	0.4760588941651656	804.0	0	0.0	1206.0	0	0.0	1206.0	0	0.0
CassandraWriteRequest	3000	101	304601.5	8841	0.5026677037279624	304601.5	8888	0.5053399559703801	812.0	0	0.0	1218.0	0	0.0	1218.0	0	0.0
CassandraWriteRequest	3000	102	307602.5	8617	0.4899318632534614	307602.5	8570	0.48725961101104376	820.0	0	0.0	1230.0	0	0.0	1230.0	0	0.0
CassandraWriteRequest	3000	103	310603.5	8894	0.5056810945545185	310603.5	8920	0.5071593617524516	828.0	0	0.0	1242.0	0	0.0	1242.0	0	0.0
CassandraWriteRequest	3000	104	313604.5	8860	0.5037479759110675	313604.5	8898	0.5059085202772774	836.0	0	0.0	1254.0	0	0.0	1254.0	0	0.0
CassandraWriteRequest	3000	105	316605.5	9000	0.5117078762076306	316605.5	8940	0.5082964903662464	844.0	0	0.0	1266.0	0	0.0	1266.0	0	0.0
CassandraWriteRequest	3000	106	319606.5	8475	0.4818582500955188	319606.5	8527	0.4848147844913851	852.0	0	0.0	1278.0	0	0.0	1278.0	0	0.0
CassandraWriteRequest	3000	107	322607.5	8868	0.5042028273565853	322607.5	8876	0.5046576788021032	860.0	0	0.0	1290.0	0	0.0	1290.0	0	0.0
CassandraWriteRequest	3000	108	325608.5	8961	0.5094904754107308	325608.5	8961	0.5094904754107308	868.0	0	0.0	1302.0	0	0.0	1302.0	0	0.0
CassandraWriteRequest	3000	109	328609.5	8969	0.5099453268562487	328609.5	8966	0.5097747575641796	876.0	0	0.0	1314.0	0	0.0	1314.0	0	0.0
CassandraWriteRequest	3000	110	331610.5	8925	0.5074436439059004	331610.5	8902	0.5061359460000363	884.0	0	0.0	1326.0	0	0.0	1326.0	0	0.0
CassandraWriteRequest	3000	111	334611.5	8638	0.49112584829794587	334611.5	8600	0.4889653039317359	892.0	0	0.0	1338.0	0	0.0	1338.0	0	0.0
CassandraWriteRequest	3000	112	337612.5	8752	0.49760748139657585	337612.5	8809	0.5008482979458908	900.0	0	0.0	1350.0	0	0.0	1350.0	0	0.0
CassandraWriteRequest	3000	113	340613.5	8948	0.5087513418117643	340613.5	8954	0.5090924803959027	908.0	0	0.0	1362.0	0	0.0	1362.0	0	0.0
CassandraWriteRequest	3000	114	343614.5	8997	0.5115373069155613	343614.5	8984	0.5107981733165947	916.0	0	0.0	1374.0	0	0.0	1374.0	0	0.0
CassandraWriteRequest	3000	115	346615.5	8718	0.4956743627531248	346615.5	8687	0.49391181340174295	924.0	0	0.0	1386.0	0	0.0	1386.0	0	0.0
CassandraWriteRequest	3000	116	349616.5	8885	0.5051693866783108	349616.5	8911	0.506647653876244	932.0	0	0.0	1398.0	0	0.0	1398.0	0	0.0
CassandraWriteRequest	3000	117	352617.5	8578	0.48771446245656164	352617.5	8596	0.4887378782089769	940.0	0	0.0	1410.0	0	0.0	1410.0	0	0.0
CassandraWriteRequest	3000	118	355618.5	8896	0.5057948074158979	355618.5	8856	0.5035205501883084	948.0	0	0.0	1422.0	0	0.0	1422.0	0	0.0
CassandraWriteRequest	3000	119	358619.5	8502	0.48339337372414165	358619.5	8543	0.48572448738242086	956.0	0	0.0	1434.0	0	0.0	1434.0	0	0.0
CassandraWriteRequest	3000	120	361620.5	8971	0.5100590397176282	361620.5	8971	0.5100590397176282	964.0	0	0.0	1446.0	0	0.0	1446.0	0	0.0
CassandraWriteRequest	3000	121	364621.5	8951	0.5089219111038334	364621.5	8951	0.5089219111038334	972.0	0	0.0	1458.0	0	0.0	1458.0	0	0.0
CassandraWriteRequest	3000	122	367622.5	9000	0.5117078762076306	367622.5	9000	0.5117078762076306	980.0	0	0.0	1470.0	0	0.0	1470.0	0	0.0
CassandraWriteRequest	3000	123	370623.5	9000	0.5117078762076306	370623.5	9000	0.5117078762076306	988.0	0	0.0	1482.0	0	0.0	1482.0	0	0.0
CassandraWriteRequest	3000	124	373624.5	8895	0.5057379509852082	373624.5	8874	0.5045439659407237	996.0	0	0.0	1494.0	0	0.0	1494.0	0	0.0
CassandraWriteRequest	3000	125	376625.5	8791	0.4998248821934756	376625.5	8759	0.498005476411404	1004.0	0	0.0	1506.0	0	0.0	1506.0	0	0.0
CassandraWriteRequest	3000	126	379626.5	8575	0.4875438931644924	379626.5	8603	0.4891358732238051	1012.0	0	0.0	1518.0	0	0.0	1518.0	0	0.0
CassandraWriteRequest	3000	127	382627.5	8896	0.5057948074158979	382627.5	8920	0.5071593617524516	1020.0	0	0.0	1530.0	0	0.0	1530.0	0	0.0
CassandraWriteRequest	3000	128	385628.5	8792	0.4998817386241653	385628.5	8786	0.49954060004002687	1028.0	0	0.0	1542.0	0	0.0	1542.0	0	0.0
CassandraWriteRequest	3000	129	388629.5	8936	0.5080690646434874	388629.5	8907	0.5064202281534851	1036.0	0	0.0	1554.0	0	0.0	1554.0	0	0.0
CassandraWriteRequest	3000	130	391630.5	8904	0.5062496588614158	391630.5	8926	0.50750050033659	1044.0	0	0.0	1566.0	0	0.0	1566.0	0	0.0
CassandraWriteRequest	3000	131	394631.5	8985	0.5108550297472845	394631.5	8983	0.5107413168859051	1052.0	0	0.0	1578.0	0	0.0	1578.0	0	0.0
CassandraWriteRequest	3000	132	397632.5	8674	0.4931726798027764	397632.5	8679	0.49345696195622507	1060.0	0	0.0	1590.0	0	0.0	1590.0	0	0.0
CassandraWriteRequest	3000	133	400633.5	8988	0.5110255990393537	400633.5	8999	0.5116510197769408	1068.0	0	0.0	1602.0	0	0.0	1602.0	0	0.0
CassandraWriteRequest	3000	134	403634.5	8948	0.5087513418117643	403634.5	8937	0.5081259210741771	1076.0	0	0.0	1614.0	0	0.0	1614.0	0	0.0
CassandraWriteRequest	3000	135	406635.5	7668	0.43597511052890126	406635.5	7679	0.43660053126648835	1084.0	0	0.0	1626.0	0	0.0	1626.0	0	0.0
CassandraWriteRequest	3000	136	409636.5	9000	0.5117078762076306	409636.5	9000	0.5117078762076306	1092.0	0	0.0	1638.0	0	0.0	1638.0	0	0.0
CassandraWriteRequest	3000	137	412637.5	8321	0.4731023597692993	412637.5	8321	0.4731023597692993	1100.0	0	0.0	1650.0	0	0.0	1650.0	0	0.0
CassandraWriteRequest	3000	138	415638.5	8882	0.5049988173862416	415638.5	8818	0.5013600058220985	1108.0	0	0.0	1662.0	0	0.0	1662.0	0	0.0
CassandraWriteRequest	3000	139	418639.5	8874	0.5045439659407237	418639.5	8938	0.5081827775048668	1116.0	0	0.0	1674.0	0	0.0	1674.0	0	0.0
CassandraWriteRequest	3000	140	421640.5	8797	0.500166020777614	421640.5	8733	0.4965272092134709	1124.0	0	0.0	1686.0	0	0.0	1686.0	0	0.0
CassandraWriteRequest	3000	141	424641.5	8824	0.5017011444062369	424641.5	8826	0.5018148572676163	1132.0	0	0.0	1698.0	0	0.0	1698.0	0	0.0
CassandraWriteRequest	3000	142	427642.5	8843	0.502781416589342	427642.5	8877	0.504714535232793	1140.0	0	0.0	1710.0	0	0.0	1710.0	0	0.0
CassandraWriteRequest	3000	143	430643.5	8787	0.4995974564707166	430643.5	8814	0.5011325800993395	1148.0	0	0.0	1722.0	0	0.0	1722.0	0	0.0
CassandraWriteRequest	3000	144	433644.5	8983	0.5107413168859051	433644.5	8968	0.509888470425559	1156.0	0	0.0	1734.0	0	0.0	1734.0	0	0.0
CassandraWriteRequest	3000	145	436645.5	8979	0.510513891163146	436645.5	8989	0.5110824554700435	1164.0	0	0.0	1746.0	0	0.0	1746.0	0	0.0
CassandraWriteRequest	3000	146	439646.5	6807	0.3870217237050379	439646.5	6757	0.38417890217055106	1172.0	0	0.0	1758.0	0	0.0	1758.0	0	0.0
CassandraWriteRequest	3000	147	442647.5	7173	0.40783117733748153	442647.5	7165	0.40737632589196365	1180.0	0	0.0	1770.0	0	0.0	1770.0	0	0.0
CassandraWriteRequest	3000	148	445648.5	8845	0.5028951294507213	445648.5	8854	0.503406837326929	1188.0	0	0.0	1782.0	0	0.0	1782.0	0	0.0
CassandraWriteRequest	3000	149	448649.5	8849	0.5031225551734804	448649.5	8874	0.5045439659407237	1196.0	0	0.0	1794.0	0	0.0	1794.0	0	0.0
CassandraWriteRequest	3000	150	451650.5	8935	0.5080122082127977	451650.5	8959	0.5093767625493514	1204.0	0	0.0	1806.0	0	0.0	1806.0	0	0.0
CassandraWriteRequest	3000	151	454651.5	8764	0.4982897585648527	454651.5	8727	0.49618607062933245	1212.0	0	0.0	1818.0	0	0.0	1818.0	0	0.0
CassandraWriteRequest	3000	152	457652.5	8764	0.4982897585648527	457652.5	8753	0.4976643378272656	1220.0	0	0.0	1830.0	0	0.0	1830.0	0	0.0
CassandraWriteRequest	3000	153	460653.5	8935	0.5080122082127977	460653.5	8966	0.5097747575641796	1228.0	0	0.0	1842.0	0	0.0	1842.0	0	0.0
CassandraWriteRequest	3000	154	463654.5	8777	0.4990288921638193	463654.5	8800	0.5003365900696832	1236.0	0	0.0	1854.0	0	0.0	1854.0	0	0.0
CassandraWriteRequest	3000	155	466655.5	8700	0.49465094700070955	466655.5	8658	0.4922629769117406	1244.0	0	0.0	1866.0	0	0.0	1866.0	0	0.0
CassandraWriteRequest	3000	156	469656.5	8237	0.46832641959136145	469656.5	8215	0.4670755781161872	1252.0	0	0.0	1878.0	0	0.0	1878.0	0	0.0
CassandraWriteRequest	3000	157	472657.5	8923	0.5073299310445208	472657.5	8987	0.510968742608664	1260.0	0	0.0	1890.0	0	0.0	1890.0	0	0.0
CassandraWriteRequest	3000	158	475658.5	8559	0.48663419027345667	475658.5	8559	0.48663419027345667	1268.0	0	0.0	1902.0	0	0.0	1902.0	0	0.0
CassandraWriteRequest	3000	159	478659.5	8900	0.5060222331386569	478659.5	8882	0.5049988173862416	1276.0	0	0.0	1914.0	0	0.0	1914.0	0	0.0
CassandraWriteRequest	3000	160	481660.5	8951	0.5089219111038334	481660.5	8965	0.5097179011334898	1284.0	0	0.0	1926.0	0	0.0	1926.0	0	0.0
CassandraWriteRequest	3000	161	484661.5	8875	0.5046008223714135	484661.5	8879	0.5048282480941724	1292.0	0	0.0	1938.0	0	0.0	1938.0	0	0.0
CassandraWriteRequest	3000	162	487662.5	9000	0.5117078762076306	487662.5	9000	0.5117078762076306	1300.0	0	0.0	1950.0	0	0.0	1950.0	0	0.0
CassandraWriteRequest	3000	163	490663.5	8999	0.5116510197769408	490663.5	8990	0.5111393119007331	1308.0	0	0.0	1962.0	0	0.0	1962.0	0	0.0
CassandraWriteRequest	3000	164	493664.5	8856	0.5035205501883084	493664.5	8801	0.500393446500373	1316.0	0	0.0	1974.0	0	0.0	1974.0	0	0.0
CassandraWriteRequest	3000	165	496665.5	8789	0.4997111693320961	496665.5	8850	0.50317941160417	1324.0	0	0.0	1986.0	0	0.0	1986.0	0	0.0
CassandraWriteRequest	3000	166	499666.5	8925	0.5074436439059004	499666.5	8926	0.50750050033659	1332.0	0	0.0	1998.0	0	0.0	1998.0	0	0.0
CassandraWriteRequest	3000	167	502667.5	8407	0.4779920128086167	502667.5	8409	0.47810572566999615	1340.0	0	0.0	2010.0	0	0.0	2010.0	0	0.0
CassandraWriteRequest	3000	168	505668.5	9000	0.5117078762076306	505668.5	9000	0.5117078762076306	1348.0	0	0.0	2022.0	0	0.0	2022.0	0	0.0
CassandraWriteRequest	3000	169	508669.5	8994	0.5113667376234922	508669.5	8994	0.5113667376234922	1356.0	0	0.0	2034.0	0	0.0	2034.0	0	0.0
CassandraWriteRequest	3000	170	511670.5	9000	0.5117078762076306	511670.5	9000	0.5117078762076306	1364.0	0	0.0	2046.0	0	0.0	2046.0	0	0.0
CassandraWriteRequest	3000	171	514671.5	9000	0.5117078762076306	514671.5	8997	0.5115373069155613	1372.0	0	0.0	2058.0	0	0.0	2058.0	0	0.0
CassandraWriteRequest	3000	172	517672.5	8997	0.5115373069155613	517672.5	9000	0.5117078762076306	1380.0	11	6.25420737587104E-4	2070.0	0	0.0	2070.0	0	0.0
CassandraWriteRequest	3000	173	520673.5	8612	0.4896475811000127	520673.5	8548	0.4860087695358696	1388.0	37	0.002103687935520259	2082.0	0	0.0	2082.0	0	0.0
CassandraWriteRequest	3000	174	523674.5	8291	0.4713966668486072	523674.5	8291	0.4713966668486072	1396.0	3	1.7056929206921018E-4	2094.0	0	0.0	2094.0	0	0.0
CassandraWriteRequest	3000	175	526675.5	8771	0.49868775357968087	526675.5	8835	0.502326565143824	1404.0	2	1.1371286137947346E-4	2106.0	0	0.0	2106.0	0	0.0
CassandraWriteRequest	3000	176	529676.5	9000	0.5117078762076306	529676.5	9000	0.5117078762076306	1412.0	3	1.7056929206921018E-4	2118.0	0	0.0	2118.0	0	0.0
CassandraWriteRequest	3000	177	532677.5	8938	0.5081827775048668	532677.5	8935	0.5080122082127977	1420.0	0	0.0	2130.0	0	0.0	2130.0	0	0.0
CassandraWriteRequest	3000	178	535678.5	8731	0.49641349635209137	535678.5	8670	0.49294525408001744	1428.0	0	0.0	2142.0	0	0.0	2142.0	0	0.0
CassandraWriteRequest	3000	179	538679.5	8675	0.4932295362334661	538679.5	8688	0.4939686698324327	1436.0	0	0.0	2154.0	0	0.0	2154.0	0	0.0
CassandraWriteRequest	3000	180	541680.5	8824	0.5017011444062369	541680.5	8811	0.5009620108072703	1444.0	0	0.0	2166.0	0	0.0	2166.0	0	0.0
CassandraWriteRequest	3000	181	544681.5	8505	0.48356394301621086	544681.5	8531	0.485042210214144	1452.0	0	0.0	2178.0	0	0.0	2178.0	0	0.0
CassandraWriteRequest	3000	182	547682.5	8936	0.5080690646434874	547682.5	8967	0.5098316139948692	1460.0	0	0.0	2190.0	0	0.0	2190.0	0	0.0
CassandraWriteRequest	3000	183	550683.5	8950	0.5088650546731437	550683.5	8952	0.5089787675345232	1468.0	0	0.0	2202.0	0	0.0	2202.0	0	0.0
CassandraWriteRequest	3000	184	553684.5	8880	0.5048851045248621	553684.5	8828	0.5019285701289958	1476.0	0	0.0	2214.0	0	0.0	2214.0	0	0.0
CassandraWriteRequest	3000	185	556685.5	8906	0.5063633717227953	556685.5	8959	0.5093767625493514	1484.0	0	0.0	2226.0	0	0.0	2226.0	0	0.0
CassandraWriteRequest	3000	186	559686.5	8994	0.5113667376234922	559686.5	8998	0.5115941633462511	1492.0	0	0.0	2238.0	0	0.0	2238.0	0	0.0
CassandraWriteRequest	3000	187	562687.5	9000	0.5117078762076306	562687.5	8997	0.5115373069155613	1500.0	0	0.0	2250.0	0	0.0	2250.0	0	0.0
CassandraWriteRequest	3000	188	565688.5	8997	0.5115373069155613	565688.5	9000	0.5117078762076306	1508.0	0	0.0	2262.0	0	0.0	2262.0	0	0.0
CassandraWriteRequest	3000	189	568689.5	8803	0.5005071593617524	568689.5	8739	0.4968683477976093	1516.0	0	0.0	2274.0	0	0.0	2274.0	0	0.0
CassandraWriteRequest	3000	190	571690.5	8820	0.5014737186834779	571690.5	8874	0.5045439659407237	1524.0	0	0.0	2286.0	0	0.0	2286.0	0	0.0
CassandraWriteRequest	3000	191	574691.5	8760	0.4980623328420937	574691.5	8706	0.494992085584848	1532.0	0	0.0	2298.0	0	0.0	2298.0	0	0.0
CassandraWriteRequest	3000	192	577692.5	8850	0.50317941160417	577692.5	8903	0.5061928024307261	1540.0	0	0.0	2310.0	0	0.0	2310.0	0	0.0
CassandraWriteRequest	3000	193	580693.5	8919	0.5071025053217619	580693.5	8905	0.5063065152921056	1548.0	0	0.0	2322.0	0	0.0	2322.0	0	0.0
CassandraWriteRequest	3000	194	583694.5	8889	0.5053968124010698	583694.5	8879	0.5048282480941724	1556.0	0	0.0	2334.0	0	0.0	2334.0	0	0.0
CassandraWriteRequest	3000	195	586695.5	8647	0.4916375561741535	586695.5	8682	0.4936275312482943	1564.0	0	0.0	2346.0	0	0.0	2346.0	0	0.0
CassandraWriteRequest	3000	196	589696.5	9000	0.5117078762076306	589696.5	9000	0.5117078762076306	1572.0	0	0.0	2358.0	0	0.0	2358.0	0	0.0
CassandraWriteRequest	3000	197	592697.5	8824	0.5017011444062369	592697.5	8760	0.4980623328420937	1580.0	0	0.0	2370.0	0	0.0	2370.0	0	0.0
CassandraWriteRequest	3000	198	595698.5	8863	0.5039185452031366	595698.5	8921	0.5072162181831413	1588.0	0	0.0	2382.0	0	0.0	2382.0	0	0.0
CassandraWriteRequest	3000	199	598699.5	8126	0.4620153557848007	598699.5	8132	0.46235649436893905	1596.0	0	0.0	2394.0	0	0.0	2394.0	0	0.0
