'Request type'	'Load'	'Bucket'	'Start time'	'Absolute'	'Percent of requests'	'End time'	'Absolute'	'Percent of requests'	'Residence time'	'Absolute'	'Percent of requests'	'Theor. think time'	'Absolute'	'Percent of requests'	'Actual think time'	'Absolute'	'Percent of requests'
CassandraWriteRequest	3500	0	1500.0	9739	0.4789164165702425	1500.0	9676	0.4758183845090529	6.0	1671270	82.18488956990956	8.5	2033549	100.0	8.5	2033549	100.0
CassandraWriteRequest	3500	1	4500.0	3036	0.1492956402820881	4500.0	3036	0.1492956402820881	18.0	271664	13.35910764874611	25.5	0	0.0	25.5	0	0.0
CassandraWriteRequest	3500	2	7500.0	10436	0.5131914696916573	7500.0	10499	0.5162895017528468	30.0	56403	2.773623846782153	42.5	0	0.0	42.5	0	0.0
CassandraWriteRequest	3500	3	10500.0	10500	0.5163386768649293	10500.0	10500	0.5163386768649293	42.0	12547	0.6170001312975493	59.5	0	0.0	59.5	0	0.0
CassandraWriteRequest	3500	4	13500.0	10500	0.5163386768649293	13500.0	10500	0.5163386768649293	54.0	4367	0.2147477144637282	76.5	0	0.0	76.5	0	0.0
CassandraWriteRequest	3500	5	16500.0	10500	0.5163386768649293	16500.0	10500	0.5163386768649293	66.0	2426	0.11929882191183984	93.5	0	0.0	93.5	0	0.0
CassandraWriteRequest	3500	6	19500.0	10016	0.49253792261706014	19500.0	9966	0.4900791670129414	78.0	3052	0.1500824420754061	110.5	0	0.0	110.5	0	0.0
CassandraWriteRequest	3500	7	22500.0	10212	0.5021762445852055	22500.0	10261	0.5045858250772418	90.0	2396	0.11782356854936862	127.5	0	0.0	127.5	0	0.0
CassandraWriteRequest	3500	8	25500.0	10486	0.515650225295776	25500.0	10482	0.5154535248474466	102.0	2565	0.12613416249128986	144.5	0	0.0	144.5	0	0.0
CassandraWriteRequest	3500	9	28500.0	10383	0.5105851887512914	28500.0	10362	0.5095525113975616	114.0	1996	0.09815352371641893	161.5	0	0.0	161.5	0	0.0
CassandraWriteRequest	3500	10	31500.0	10193	0.5012419174556404	31500.0	10218	0.5024712952576997	126.0	1487	0.07312339166649046	178.5	0	0.0	178.5	0	0.0
CassandraWriteRequest	3500	11	34500.0	10480	0.5153551746232817	34500.0	10469	0.5148142483903756	138.0	1162	0.057141480239718836	195.5	0	0.0	195.5	0	0.0
CassandraWriteRequest	3500	12	37500.0	10407	0.5117653914412684	37500.0	10372	0.5100442625183853	150.0	453	0.02227632577331552	212.5	0	0.0	212.5	0	0.0
CassandraWriteRequest	3500	13	40500.0	10394	0.5111261149841976	40500.0	10378	0.5103393131908796	162.0	386	0.018981593263796448	229.5	0	0.0	229.5	0	0.0
CassandraWriteRequest	3500	14	43500.0	10050	0.49420987642786085	43500.0	10049	0.4941607013157785	174.0	213	0.010474298873545708	246.5	0	0.0	246.5	0	0.0
CassandraWriteRequest	3500	15	46500.0	10340	0.5084706589317494	46500.0	10404	0.5116178661050214	186.0	304	0.01494923407304176	263.5	0	0.0	263.5	0	0.0
CassandraWriteRequest	3500	16	49500.0	9551	0.46967149549875614	49500.0	9487	0.46652428832548415	198.0	172	0.008458119278168365	280.5	0	0.0	280.5	0	0.0
CassandraWriteRequest	3500	17	52500.0	10436	0.5131914696916573	52500.0	10500	0.5163386768649293	210.0	189	0.009294096183568726	297.5	0	0.0	297.5	0	0.0
CassandraWriteRequest	3500	18	55500.0	10500	0.5163386768649293	55500.0	10496	0.5161419764165998	222.0	51	0.0025079307162010848	314.5	0	0.0	314.5	0	0.0
CassandraWriteRequest	3500	19	58500.0	10496	0.5161419764165998	58500.0	10500	0.5163386768649293	234.0	56	0.0027538062766129558	331.5	0	0.0	331.5	0	0.0
CassandraWriteRequest	3500	20	61500.0	10353	0.5091099353888202	61500.0	10289	0.5059627282155483	246.0	7	3.4422578457661947E-4	348.5	0	0.0	348.5	0	0.0
CassandraWriteRequest	3500	21	64500.0	10139	0.4985864614031922	64500.0	10140	0.49863563651527454	258.0	3	1.4752533624712264E-4	365.5	0	0.0	365.5	0	0.0
CassandraWriteRequest	3500	22	67500.0	10275	0.505274276646395	67500.0	10288	0.5059135531034659	270.0	25	0.0012293778020593554	382.5	0	0.0	382.5	0	0.0
CassandraWriteRequest	3500	23	70500.0	10321	0.5075363318021843	70500.0	10307	0.5068478802330311	282.0	25	0.0012293778020593554	399.5	0	0.0	399.5	0	0.0
CassandraWriteRequest	3500	24	73500.0	10313	0.5071429309055253	73500.0	10370	0.5099459122942206	294.0	4	1.9670044832949686E-4	416.5	0	0.0	416.5	0	0.0
CassandraWriteRequest	3500	25	76500.0	10313	0.5071429309055253	76500.0	10278	0.5054218019826422	306.0	0	0.0	433.5	0	0.0	433.5	0	0.0
CassandraWriteRequest	3500	26	79500.0	10085	0.49593100535074397	79500.0	10063	0.4948491528849317	318.0	4	1.9670044832949686E-4	450.5	0	0.0	450.5	0	0.0
CassandraWriteRequest	3500	27	82500.0	10390	0.510929414535868	82500.0	10441	0.5134373452520692	330.0	35	0.0017211289228830976	467.5	0	0.0	467.5	0	0.0
CassandraWriteRequest	3500	28	85500.0	10421	0.5124538430104217	85500.0	10426	0.5126997185708335	342.0	51	0.0025079307162010848	484.5	0	0.0	484.5	0	0.0
CassandraWriteRequest	3500	29	88500.0	10237	0.5034056223872648	88500.0	10185	0.5008485165589813	354.0	4	1.9670044832949686E-4	501.5	0	0.0	501.5	0	0.0
CassandraWriteRequest	3500	30	91500.0	10344	0.5086673593800789	91500.0	10378	0.5103393131908796	366.0	2	9.835022416474843E-5	518.5	0	0.0	518.5	0	0.0
CassandraWriteRequest	3500	31	94500.0	10278	0.5054218019826422	94500.0	10240	0.503553147723512	378.0	0	0.0	535.5	0	0.0	535.5	0	0.0
CassandraWriteRequest	3500	32	97500.0	10151	0.4991765627481806	97500.0	10152	0.49922573786026303	390.0	0	0.0	552.5	0	0.0	552.5	0	0.0
CassandraWriteRequest	3500	33	100500.0	10339	0.508421483819667	100500.0	10341	0.5085198340438317	402.0	0	0.0	569.5	0	0.0	569.5	0	0.0
CassandraWriteRequest	3500	34	103500.0	10435	0.5131422945795749	103500.0	10483	0.5155026999595289	414.0	0	0.0	586.5	0	0.0	586.5	0	0.0
CassandraWriteRequest	3500	35	106500.0	10442	0.5134865203641515	106500.0	10444	0.5135848705883163	426.0	0	0.0	603.5	0	0.0	603.5	0	0.0
CassandraWriteRequest	3500	36	109500.0	10315	0.50724128112969	109500.0	10269	0.5049792259739008	438.0	0	0.0	620.5	0	0.0	620.5	0	0.0
CassandraWriteRequest	3500	37	112500.0	10337	0.5083231335955023	112500.0	10330	0.5079789078109256	450.0	11	5.409262329061163E-4	637.5	0	0.0	637.5	0	0.0
CassandraWriteRequest	3500	38	115500.0	8927	0.4389862255593546	115500.0	8991	0.44213343273262656	462.0	28	0.0013769031383064779	654.5	0	0.0	654.5	0	0.0
CassandraWriteRequest	3500	39	118500.0	10500	0.5163386768649293	118500.0	10500	0.5163386768649293	474.0	23	0.001131027577894607	671.5	0	0.0	671.5	0	0.0
CassandraWriteRequest	3500	40	121500.0	10500	0.5163386768649293	121500.0	10436	0.5131914696916573	486.0	0	0.0	688.5	0	0.0	688.5	0	0.0
CassandraWriteRequest	3500	41	124500.0	10253	0.5041924241805829	124500.0	10312	0.5070937557934428	498.0	0	0.0	705.5	0	0.0	705.5	0	0.0
CassandraWriteRequest	3500	42	127500.0	9986	0.4910626692545889	127500.0	9928	0.4882105127538112	510.0	0	0.0	722.5	0	0.0	722.5	0	0.0
CassandraWriteRequest	3500	43	130500.0	10145	0.49888151207568643	130500.0	10148	0.4990290374119335	522.0	0	0.0	739.5	0	0.0	739.5	0	0.0
CassandraWriteRequest	3500	44	133500.0	10301	0.5065528295605368	133500.0	10297	0.5063561291122073	534.0	0	0.0	756.5	0	0.0	756.5	0	0.0
CassandraWriteRequest	3500	45	136500.0	10371	0.509995087406303	136500.0	10435	0.5131422945795749	546.0	0	0.0	773.5	0	0.0	773.5	0	0.0
CassandraWriteRequest	3500	46	139500.0	10432	0.5129947692433278	139500.0	10424	0.5126013683466688	558.0	0	0.0	790.5	0	0.0	790.5	0	0.0
CassandraWriteRequest	3500	47	142500.0	9912	0.4874237109604932	142500.0	9862	0.4849649553563745	570.0	0	0.0	807.5	0	0.0	807.5	0	0.0
CassandraWriteRequest	3500	48	145500.0	10368	0.5098475620700559	145500.0	10421	0.5124538430104217	582.0	0	0.0	824.5	0	0.0	824.5	0	0.0
CassandraWriteRequest	3500	49	148500.0	10464	0.5145683728299638	148500.0	10461	0.5144208474937166	594.0	0	0.0	841.5	0	0.0	841.5	0	0.0
CassandraWriteRequest	3500	50	151500.0	10064	0.4948983279970141	151500.0	10055	0.49445575198827274	606.0	0	0.0	858.5	0	0.0	858.5	0	0.0
CassandraWriteRequest	3500	51	154500.0	10192	0.501192742343558	154500.0	10209	0.5020287192489583	618.0	0	0.0	875.5	0	0.0	875.5	0	0.0
CassandraWriteRequest	3500	52	157500.0	10477	0.5152076492870347	157500.0	10477	0.5152076492870347	630.0	0	0.0	892.5	0	0.0	892.5	0	0.0
CassandraWriteRequest	3500	53	160500.0	10467	0.5147158981662109	160500.0	10461	0.5144208474937166	642.0	0	0.0	909.5	0	0.0	909.5	0	0.0
CassandraWriteRequest	3500	54	163500.0	10478	0.515256824399117	163500.0	10478	0.515256824399117	654.0	0	0.0	926.5	0	0.0	926.5	0	0.0
CassandraWriteRequest	3500	55	166500.0	10482	0.5154535248474466	166500.0	10474	0.5150601239507875	666.0	0	0.0	943.5	0	0.0	943.5	0	0.0
CassandraWriteRequest	3500	56	169500.0	10369	0.5098967371821382	169500.0	10319	0.5074379815780196	678.0	0	0.0	960.5	0	0.0	960.5	0	0.0
CassandraWriteRequest	3500	57	172500.0	10178	0.5005042907744047	172500.0	10193	0.5012419174556404	690.0	0	0.0	977.5	0	0.0	977.5	0	0.0
CassandraWriteRequest	3500	58	175500.0	10282	0.5056185024309716	175500.0	10291	0.506061078439713	702.0	42	0.002065354707459717	994.5	0	0.0	994.5	0	0.0
CassandraWriteRequest	3500	59	178500.0	10077	0.49553760445408496	178500.0	10054	0.49440657687619033	714.0	18	8.851520174827359E-4	1011.5	0	0.0	1011.5	0	0.0
CassandraWriteRequest	3500	60	181500.0	10430	0.512896419019163	181500.0	10472	0.5149617737266228	726.0	0	0.0	1028.5	0	0.0	1028.5	0	0.0
CassandraWriteRequest	3500	61	184500.0	10312	0.5070937557934428	184500.0	10308	0.5068970553451134	738.0	0	0.0	1045.5	0	0.0	1045.5	0	0.0
CassandraWriteRequest	3500	62	187500.0	10035	0.49347224974662524	187500.0	9996	0.49155442037541264	750.0	0	0.0	1062.5	0	0.0	1062.5	0	0.0
CassandraWriteRequest	3500	63	190500.0	10436	0.5131914696916573	190500.0	10500	0.5163386768649293	762.0	0	0.0	1079.5	0	0.0	1079.5	0	0.0
CassandraWriteRequest	3500	64	193500.0	10379	0.510388488302962	193500.0	10343	0.5086181842679965	774.0	0	0.0	1096.5	0	0.0	1096.5	0	0.0
CassandraWriteRequest	3500	65	196500.0	10406	0.5117162163291861	196500.0	10394	0.5111261149841976	786.0	0	0.0	1113.5	0	0.0	1113.5	0	0.0
CassandraWriteRequest	3500	66	199500.0	10363	0.509601686509644	199500.0	10395	0.5111752900962799	798.0	0	0.0	1130.5	0	0.0	1130.5	0	0.0
CassandraWriteRequest	3500	67	202500.0	8039	0.3953187260302063	202500.0	7991	0.3929583206502523	810.0	0	0.0	1147.5	0	0.0	1147.5	0	0.0
CassandraWriteRequest	3500	68	205500.0	9796	0.4817193979589378	205500.0	9860	0.48486660513220975	822.0	0	0.0	1164.5	0	0.0	1164.5	0	0.0
CassandraWriteRequest	3500	69	208500.0	10500	0.5163386768649293	208500.0	10500	0.5163386768649293	834.0	0	0.0	1181.5	0	0.0	1181.5	0	0.0
CassandraWriteRequest	3500	70	211500.0	10500	0.5163386768649293	211500.0	10500	0.5163386768649293	846.0	0	0.0	1198.5	0	0.0	1198.5	0	0.0
CassandraWriteRequest	3500	71	214500.0	10500	0.5163386768649293	214500.0	10500	0.5163386768649293	858.0	0	0.0	1215.5	0	0.0	1215.5	0	0.0
CassandraWriteRequest	3500	72	217500.0	10500	0.5163386768649293	217500.0	10500	0.5163386768649293	870.0	0	0.0	1232.5	0	0.0	1232.5	0	0.0
CassandraWriteRequest	3500	73	220500.0	9921	0.48786628696923456	220500.0	9862	0.4849649553563745	882.0	0	0.0	1249.5	0	0.0	1249.5	0	0.0
CassandraWriteRequest	3500	74	223500.0	10400	0.5114211656566918	223500.0	10434	0.5130931194674926	894.0	0	0.0	1266.5	0	0.0	1266.5	0	0.0
CassandraWriteRequest	3500	75	226500.0	10420	0.5124046678983393	226500.0	10443	0.5135356954762339	906.0	0	0.0	1283.5	0	0.0	1283.5	0	0.0
CassandraWriteRequest	3500	76	229500.0	10280	0.5055201522068069	229500.0	10279	0.5054709770947245	918.0	0	0.0	1300.5	0	0.0	1300.5	0	0.0
CassandraWriteRequest	3500	77	232500.0	10005	0.491996996384154	232500.0	9944	0.4889973145471292	930.0	0	0.0	1317.5	0	0.0	1317.5	0	0.0
CassandraWriteRequest	3500	78	235500.0	10436	0.5131914696916573	235500.0	10500	0.5163386768649293	942.0	0	0.0	1334.5	0	0.0	1334.5	0	0.0
CassandraWriteRequest	3500	79	238500.0	10442	0.5134865203641515	238500.0	10380	0.5104376634150444	954.0	0	0.0	1351.5	0	0.0	1351.5	0	0.0
CassandraWriteRequest	3500	80	241500.0	10301	0.5065528295605368	241500.0	10300	0.5065036544484544	966.0	0	0.0	1368.5	0	0.0	1368.5	0	0.0
CassandraWriteRequest	3500	81	244500.0	9773	0.4805883703810432	244500.0	9836	0.48368640244223277	978.0	0	0.0	1385.5	0	0.0	1385.5	0	0.0
CassandraWriteRequest	3500	82	247500.0	10346	0.5087657096042436	247500.0	10287	0.5058643779913835	990.0	0	0.0	1402.5	0	0.0	1402.5	0	0.0
CassandraWriteRequest	3500	83	250500.0	10003	0.49189864615998924	250500.0	10035	0.49347224974662524	1002.0	0	0.0	1419.5	0	0.0	1419.5	0	0.0
CassandraWriteRequest	3500	84	253500.0	10277	0.5053726268705598	253500.0	10291	0.506061078439713	1014.0	0	0.0	1436.5	0	0.0	1436.5	0	0.0
CassandraWriteRequest	3500	85	256500.0	10426	0.5126997185708335	256500.0	10390	0.510929414535868	1026.0	0	0.0	1453.5	0	0.0	1453.5	0	0.0
CassandraWriteRequest	3500	86	259500.0	10398	0.5113228154325271	259500.0	10447	0.5137323959245634	1038.0	0	0.0	1470.5	0	0.0	1470.5	0	0.0
CassandraWriteRequest	3500	87	262500.0	10379	0.510388488302962	262500.0	10322	0.5075855069142666	1050.0	0	0.0	1487.5	0	0.0	1487.5	0	0.0
CassandraWriteRequest	3500	88	265500.0	10276	0.5053234517584774	265500.0	10299	0.506454479336372	1062.0	0	0.0	1504.5	0	0.0	1504.5	0	0.0
CassandraWriteRequest	3500	89	268500.0	10423	0.5125521932345865	268500.0	10456	0.5141749719333047	1074.0	0	0.0	1521.5	0	0.0	1521.5	0	0.0
CassandraWriteRequest	3500	90	271500.0	10378	0.5103393131908796	271500.0	10333	0.5081264331471728	1086.0	0	0.0	1538.5	0	0.0	1538.5	0	0.0
CassandraWriteRequest	3500	91	274500.0	10072	0.49529172889367307	274500.0	10118	0.4975537840494623	1098.0	0	0.0	1555.5	0	0.0	1555.5	0	0.0
CassandraWriteRequest	3500	92	277500.0	10500	0.5163386768649293	277500.0	10483	0.5155026999595289	1110.0	0	0.0	1572.5	0	0.0	1572.5	0	0.0
CassandraWriteRequest	3500	93	280500.0	10399	0.5113719905446095	280500.0	10416	0.5122079674500098	1122.0	0	0.0	1589.5	0	0.0	1589.5	0	0.0
CassandraWriteRequest	3500	94	283500.0	10109	0.49711120804072095	283500.0	10092	0.49627523113532057	1134.0	0	0.0	1606.5	0	0.0	1606.5	0	0.0
CassandraWriteRequest	3500	95	286500.0	10246	0.5038481983960061	286500.0	10263	0.5046841753014065	1146.0	0	0.0	1623.5	0	0.0	1623.5	0	0.0
CassandraWriteRequest	3500	96	289500.0	10240	0.503553147723512	289500.0	10177	0.5004551156623224	1158.0	0	0.0	1640.5	0	0.0	1640.5	0	0.0
CassandraWriteRequest	3500	97	292500.0	10369	0.5098967371821382	292500.0	10407	0.5117653914412684	1170.0	0	0.0	1657.5	0	0.0	1657.5	0	0.0
CassandraWriteRequest	3500	98	295500.0	10441	0.5134373452520692	295500.0	10466	0.5146667230541285	1182.0	0	0.0	1674.5	0	0.0	1674.5	0	0.0
CassandraWriteRequest	3500	99	298500.0	10420	0.5124046678983393	298500.0	10413	0.5120604421137627	1194.0	0	0.0	1691.5	0	0.0	1691.5	0	0.0
CassandraWriteRequest	3500	100	301500.0	10492	0.5159452759682702	301500.0	10498	0.5162403266407645	1206.0	0	0.0	1708.5	0	0.0	1708.5	0	0.0
CassandraWriteRequest	3500	101	304500.0	9152	0.4500506257778888	304500.0	9153	0.4500998008899712	1218.0	0	0.0	1725.5	0	0.0	1725.5	0	0.0
CassandraWriteRequest	3500	102	307500.0	10137	0.4984881111790274	307500.0	10074	0.49539007911783783	1230.0	0	0.0	1742.5	0	0.0	1742.5	0	0.0
CassandraWriteRequest	3500	103	310500.0	10397	0.5112736403204448	310500.0	10457	0.5142241470453871	1242.0	8	3.934008966589937E-4	1759.5	0	0.0	1759.5	0	0.0
CassandraWriteRequest	3500	104	313500.0	10485	0.5156010501836936	313500.0	10482	0.5154535248474466	1254.0	2	9.835022416474843E-5	1776.5	0	0.0	1776.5	0	0.0
CassandraWriteRequest	3500	105	316500.0	10490	0.5158469257441055	316500.0	10496	0.5161419764165998	1266.0	0	0.0	1793.5	0	0.0	1793.5	0	0.0
CassandraWriteRequest	3500	106	319500.0	10499	0.5162895017528468	319500.0	10496	0.5161419764165998	1278.0	0	0.0	1810.5	0	0.0	1810.5	0	0.0
CassandraWriteRequest	3500	107	322500.0	10492	0.5159452759682702	322500.0	10495	0.5160928013045174	1290.0	0	0.0	1827.5	0	0.0	1827.5	0	0.0
CassandraWriteRequest	3500	108	325500.0	9919	0.48776793674506985	325500.0	9857	0.4847190797959626	1302.0	0	0.0	1844.5	0	0.0	1844.5	0	0.0
CassandraWriteRequest	3500	109	328500.0	10340	0.5084706589317494	328500.0	10399	0.5113719905446095	1314.0	0	0.0	1861.5	0	0.0	1861.5	0	0.0
CassandraWriteRequest	3500	110	331500.0	10157	0.49947161342067486	331500.0	10124	0.49784883472195657	1326.0	0	0.0	1878.5	0	0.0	1878.5	0	0.0
CassandraWriteRequest	3500	111	334500.0	10212	0.5021762445852055	334500.0	10246	0.5038481983960061	1338.0	0	0.0	1895.5	0	0.0	1895.5	0	0.0
CassandraWriteRequest	3500	112	337500.0	10494	0.516043626192435	337500.0	10496	0.5161419764165998	1350.0	0	0.0	1912.5	0	0.0	1912.5	0	0.0
CassandraWriteRequest	3500	113	340500.0	10495	0.5160928013045174	340500.0	10495	0.5160928013045174	1362.0	0	0.0	1929.5	0	0.0	1929.5	0	0.0
CassandraWriteRequest	3500	114	343500.0	9345	0.459541422409787	343500.0	9284	0.4565417405727622	1374.0	0	0.0	1946.5	0	0.0	1946.5	0	0.0
CassandraWriteRequest	3500	115	346500.0	10364	0.5096508616217263	346500.0	10420	0.5124046678983393	1386.0	0	0.0	1963.5	0	0.0	1963.5	0	0.0
CassandraWriteRequest	3500	116	349500.0	10296	0.5063069540001249	349500.0	10301	0.5065528295605368	1398.0	0	0.0	1980.5	0	0.0	1980.5	0	0.0
CassandraWriteRequest	3500	117	352500.0	7055	0.3469304157411501	352500.0	7055	0.3469304157411501	1410.0	0	0.0	1997.5	0	0.0	1997.5	0	0.0
CassandraWriteRequest	3500	118	355500.0	10459	0.5143224972695519	355500.0	10395	0.5111752900962799	1422.0	0	0.0	2014.5	0	0.0	2014.5	0	0.0
CassandraWriteRequest	3500	119	358500.0	9832	0.4834897019939033	358500.0	9895	0.48658773405509287	1434.0	0	0.0	2031.5	0	0.0	2031.5	0	0.0
CassandraWriteRequest	3500	120	361500.0	9967	0.49012834212502376	361500.0	9904	0.48703031006383424	1446.0	0	0.0	2048.5	0	0.0	2048.5	0	0.0
CassandraWriteRequest	3500	121	364500.0	10354	0.5091591105009026	364500.0	10354	0.5091591105009026	1458.0	0	0.0	2065.5	0	0.0	2065.5	0	0.0
CassandraWriteRequest	3500	122	367500.0	10078	0.4955867795661673	367500.0	10078	0.4955867795661673	1470.0	0	0.0	2082.5	0	0.0	2082.5	0	0.0
CassandraWriteRequest	3500	123	370500.0	10373	0.5100934376304678	370500.0	10427	0.5127488936829159	1482.0	0	0.0	2099.5	0	0.0	2099.5	0	0.0
CassandraWriteRequest	3500	124	373500.0	10472	0.5149617737266228	373500.0	10458	0.5142733221574696	1494.0	0	0.0	2116.5	0	0.0	2116.5	0	0.0
CassandraWriteRequest	3500	125	376500.0	10426	0.5126997185708335	376500.0	10438	0.513289819915822	1506.0	0	0.0	2133.5	0	0.0	2133.5	0	0.0
CassandraWriteRequest	3500	126	379500.0	10195	0.5013402676798051	379500.0	10205	0.5018320188006289	1518.0	0	0.0	2150.5	0	0.0	2150.5	0	0.0
CassandraWriteRequest	3500	127	382500.0	10261	0.5045858250772418	382500.0	10263	0.5046841753014065	1530.0	0	0.0	2167.5	0	0.0	2167.5	0	0.0
CassandraWriteRequest	3500	128	385500.0	10494	0.516043626192435	385500.0	10492	0.5159452759682702	1542.0	0	0.0	2184.5	0	0.0	2184.5	0	0.0
CassandraWriteRequest	3500	129	388500.0	10440	0.5133881701399868	388500.0	10382	0.5105360136392091	1554.0	0	0.0	2201.5	0	0.0	2201.5	0	0.0
CassandraWriteRequest	3500	130	391500.0	10299	0.506454479336372	391500.0	10342	0.5085690091559141	1566.0	0	0.0	2218.5	0	0.0	2218.5	0	0.0
CassandraWriteRequest	3500	131	394500.0	9452	0.4648031594026011	394500.0	9415	0.4629836802555532	1578.0	0	0.0	2235.5	0	0.0	2235.5	0	0.0
CassandraWriteRequest	3500	132	397500.0	10246	0.5038481983960061	397500.0	10300	0.5065036544484544	1590.0	0	0.0	2252.5	0	0.0	2252.5	0	0.0
CassandraWriteRequest	3500	133	400500.0	9144	0.44965722488122983	400500.0	9080	0.44651001770795784	1602.0	0	0.0	2269.5	0	0.0	2269.5	0	0.0
CassandraWriteRequest	3500	134	403500.0	10089	0.49612770579907345	403500.0	10153	0.4992749129723454	1614.0	0	0.0	2286.5	0	0.0	2286.5	0	0.0
CassandraWriteRequest	3500	135	406500.0	10371	0.509995087406303	406500.0	10355	0.509208285612985	1626.0	0	0.0	2303.5	0	0.0	2303.5	0	0.0
CassandraWriteRequest	3500	136	409500.0	10467	0.5147158981662109	409500.0	10483	0.5155026999595289	1638.0	0	0.0	2320.5	0	0.0	2320.5	0	0.0
CassandraWriteRequest	3500	137	412500.0	10459	0.5143224972695519	412500.0	10457	0.5142241470453871	1650.0	0	0.0	2337.5	0	0.0	2337.5	0	0.0
CassandraWriteRequest	3500	138	415500.0	10486	0.515650225295776	415500.0	10487	0.5156994004078583	1662.0	0	0.0	2354.5	0	0.0	2354.5	0	0.0
CassandraWriteRequest	3500	139	418500.0	10377	0.5102901380787972	418500.0	10338	0.5083723087075847	1674.0	0	0.0	2371.5	0	0.0	2371.5	0	0.0
CassandraWriteRequest	3500	140	421500.0	10355	0.509208285612985	421500.0	10356	0.5092574607250674	1686.0	0	0.0	2388.5	0	0.0	2388.5	0	0.0
CassandraWriteRequest	3500	141	424500.0	10147	0.49897986229985114	424500.0	10123	0.49779965960987416	1698.0	0	0.0	2405.5	0	0.0	2405.5	0	0.0
CassandraWriteRequest	3500	142	427500.0	10272	0.505126751310148	427500.0	10324	0.5076838571384313	1710.0	0	0.0	2422.5	0	0.0	2422.5	0	0.0
CassandraWriteRequest	3500	143	430500.0	10047	0.4940623510916137	430500.0	10011	0.49229204705664825	1722.0	0	0.0	2439.5	0	0.0	2439.5	0	0.0
CassandraWriteRequest	3500	144	433500.0	9927	0.4881613376417288	433500.0	9974	0.4904725679096004	1734.0	0	0.0	2456.5	0	0.0	2456.5	0	0.0
CassandraWriteRequest	3500	145	436500.0	10500	0.5163386768649293	436500.0	10500	0.5163386768649293	1746.0	0	0.0	2473.5	0	0.0	2473.5	0	0.0
CassandraWriteRequest	3500	146	439500.0	10500	0.5163386768649293	439500.0	10500	0.5163386768649293	1758.0	0	0.0	2490.5	0	0.0	2490.5	0	0.0
CassandraWriteRequest	3500	147	442500.0	10359	0.5094049860613145	442500.0	10322	0.5075855069142666	1770.0	0	0.0	2507.5	0	0.0	2507.5	0	0.0
CassandraWriteRequest	3500	148	445500.0	9980	0.49076761858209467	445500.0	9964	0.48998081678877664	1782.0	0	0.0	2524.5	0	0.0	2524.5	0	0.0
CassandraWriteRequest	3500	149	448500.0	10348	0.5088640598284083	448500.0	10337	0.5083231335955023	1794.0	0	0.0	2541.5	0	0.0	2541.5	0	0.0
CassandraWriteRequest	3500	150	451500.0	10307	0.5068478802330311	451500.0	10317	0.5073396313538547	1806.0	0	0.0	2558.5	0	0.0	2558.5	0	0.0
CassandraWriteRequest	3500	151	454500.0	10363	0.509601686509644	454500.0	10395	0.5111752900962799	1818.0	3	1.4752533624712264E-4	2575.5	0	0.0	2575.5	0	0.0
CassandraWriteRequest	3500	152	457500.0	10386	0.5107327140875386	457500.0	10344	0.5086673593800789	1830.0	32	0.0015736035866359748	2592.5	0	0.0	2592.5	0	0.0
CassandraWriteRequest	3500	153	460500.0	10141	0.4986848116273569	460500.0	10141	0.4986848116273569	1842.0	0	0.0	2609.5	0	0.0	2609.5	0	0.0
CassandraWriteRequest	3500	154	463500.0	10180	0.5006026409985695	463500.0	10212	0.5021762445852055	1854.0	0	0.0	2626.5	0	0.0	2626.5	0	0.0
CassandraWriteRequest	3500	155	466500.0	9775	0.48068672060520795	466500.0	9747	0.4793098174669015	1866.0	0	0.0	2643.5	0	0.0	2643.5	0	0.0
CassandraWriteRequest	3500	156	469500.0	9835	0.4836372273301504	469500.0	9831	0.4834405268818209	1878.0	0	0.0	2660.5	0	0.0	2660.5	0	0.0
CassandraWriteRequest	3500	157	472500.0	10436	0.5131914696916573	472500.0	10500	0.5163386768649293	1890.0	0	0.0	2677.5	0	0.0	2677.5	0	0.0
CassandraWriteRequest	3500	158	475500.0	10500	0.5163386768649293	475500.0	10500	0.5163386768649293	1902.0	0	0.0	2694.5	0	0.0	2694.5	0	0.0
CassandraWriteRequest	3500	159	478500.0	10500	0.5163386768649293	478500.0	10500	0.5163386768649293	1914.0	0	0.0	2711.5	0	0.0	2711.5	0	0.0
CassandraWriteRequest	3500	160	481500.0	10500	0.5163386768649293	481500.0	10500	0.5163386768649293	1926.0	0	0.0	2728.5	0	0.0	2728.5	0	0.0
CassandraWriteRequest	3500	161	484500.0	9859	0.4848174300201274	484500.0	9815	0.4826537250885029	1938.0	0	0.0	2745.5	0	0.0	2745.5	0	0.0
CassandraWriteRequest	3500	162	487500.0	10213	0.5022254196972878	487500.0	10196	0.5013894427918875	1950.0	0	0.0	2762.5	0	0.0	2762.5	0	0.0
CassandraWriteRequest	3500	163	490500.0	10296	0.5063069540001249	490500.0	10335	0.5082247833713375	1962.0	0	0.0	2779.5	0	0.0	2779.5	0	0.0
CassandraWriteRequest	3500	164	493500.0	10434	0.5130931194674926	493500.0	10392	0.5110277647600329	1974.0	0	0.0	2796.5	0	0.0	2796.5	0	0.0
CassandraWriteRequest	3500	165	496500.0	10008	0.49214452172040113	496500.0	10072	0.49529172889367307	1986.0	0	0.0	2813.5	0	0.0	2813.5	0	0.0
CassandraWriteRequest	3500	166	499500.0	10500	0.5163386768649293	499500.0	10500	0.5163386768649293	1998.0	0	0.0	2830.5	0	0.0	2830.5	0	0.0
CassandraWriteRequest	3500	167	502500.0	10500	0.5163386768649293	502500.0	10500	0.5163386768649293	2010.0	0	0.0	2847.5	0	0.0	2847.5	0	0.0
CassandraWriteRequest	3500	168	505500.0	10177	0.5004551156623224	505500.0	10114	0.4973570836011328	2022.0	0	0.0	2864.5	0	0.0	2864.5	0	0.0
CassandraWriteRequest	3500	169	508500.0	10328	0.5078805575867609	508500.0	10335	0.5082247833713375	2034.0	0	0.0	2881.5	0	0.0	2881.5	0	0.0
CassandraWriteRequest	3500	170	511500.0	10324	0.5076838571384313	511500.0	10380	0.5104376634150444	2046.0	0	0.0	2898.5	0	0.0	2898.5	0	0.0
CassandraWriteRequest	3500	171	514500.0	10486	0.515650225295776	514500.0	10461	0.5144208474937166	2058.0	0	0.0	2915.5	0	0.0	2915.5	0	0.0
CassandraWriteRequest	3500	172	517500.0	9580	0.47109757374914496	517500.0	9601	0.4721302511028748	2070.0	0	0.0	2932.5	0	0.0	2932.5	0	0.0
CassandraWriteRequest	3500	173	520500.0	10286	0.5058152028793012	520500.0	10290	0.5060119033276307	2082.0	0	0.0	2949.5	0	0.0	2949.5	0	0.0
CassandraWriteRequest	3500	174	523500.0	10109	0.49711120804072095	523500.0	10045	0.49396400086744896	2094.0	0	0.0	2966.5	0	0.0	2966.5	0	0.0
CassandraWriteRequest	3500	175	526500.0	10355	0.509208285612985	526500.0	10407	0.5117653914412684	2106.0	0	0.0	2983.5	0	0.0	2983.5	0	0.0
CassandraWriteRequest	3500	176	529500.0	10165	0.4998650143173339	529500.0	10177	0.5004551156623224	2118.0	0	0.0	3000.5	0	0.0	3000.5	0	0.0
CassandraWriteRequest	3500	177	532500.0	10428	0.5127980687949983	532500.0	10426	0.5126997185708335	2130.0	0	0.0	3017.5	0	0.0	3017.5	0	0.0
CassandraWriteRequest	3500	178	535500.0	10436	0.5131914696916573	535500.0	10417	0.5122571425620922	2142.0	0	0.0	3034.5	0	0.0	3034.5	0	0.0
CassandraWriteRequest	3500	179	538500.0	10452	0.5139782714849753	538500.0	10466	0.5146667230541285	2154.0	0	0.0	3051.5	0	0.0	3051.5	0	0.0
CassandraWriteRequest	3500	180	541500.0	10267	0.5048808757497361	541500.0	10261	0.5045858250772418	2166.0	0	0.0	3068.5	0	0.0	3068.5	0	0.0
CassandraWriteRequest	3500	181	544500.0	9848	0.48427650378722126	544500.0	9797	0.48176857307102017	2178.0	0	0.0	3085.5	0	0.0	3085.5	0	0.0
CassandraWriteRequest	3500	182	547500.0	10413	0.5120604421137627	547500.0	10413	0.5120604421137627	2190.0	0	0.0	3102.5	0	0.0	3102.5	0	0.0
CassandraWriteRequest	3500	183	550500.0	10194	0.5012910925677228	550500.0	10194	0.5012910925677228	2202.0	0	0.0	3119.5	0	0.0	3119.5	0	0.0
CassandraWriteRequest	3500	184	553500.0	10436	0.5131914696916573	553500.0	10500	0.5163386768649293	2214.0	0	0.0	3136.5	0	0.0	3136.5	0	0.0
CassandraWriteRequest	3500	185	556500.0	10021	0.492783798177472	556500.0	10021	0.492783798177472	2226.0	0	0.0	3153.5	0	0.0	3153.5	0	0.0
CassandraWriteRequest	3500	186	559500.0	10202	0.5016844934643817	559500.0	10141	0.4986848116273569	2238.0	0	0.0	3170.5	0	0.0	3170.5	0	0.0
CassandraWriteRequest	3500	187	562500.0	10254	0.5042415992926652	562500.0	10274	0.5052251015343127	2250.0	0	0.0	3187.5	0	0.0	3187.5	0	0.0
CassandraWriteRequest	3500	188	565500.0	10326	0.5077822073625962	565500.0	10364	0.5096508616217263	2262.0	0	0.0	3204.5	0	0.0	3204.5	0	0.0
CassandraWriteRequest	3500	189	568500.0	4872	0.23958114606532718	568500.0	4875	0.2397286714015743	2274.0	0	0.0	3221.5	0	0.0	3221.5	0	0.0
CassandraWriteRequest	3500	190	571500.0	10500	0.5163386768649293	571500.0	10500	0.5163386768649293	2286.0	0	0.0	3238.5	0	0.0	3238.5	0	0.0
CassandraWriteRequest	3500	191	574500.0	10214	0.5022745948093702	574500.0	10211	0.5021270694731231	2298.0	0	0.0	3255.5	0	0.0	3255.5	0	0.0
CassandraWriteRequest	3500	192	577500.0	9571	0.4706549977404036	577500.0	9524	0.46834376747253204	2310.0	0	0.0	3272.5	0	0.0	3272.5	0	0.0
CassandraWriteRequest	3500	193	580500.0	10392	0.5110277647600329	580500.0	10438	0.513289819915822	2322.0	6	2.950506724942453E-4	3289.5	0	0.0	3289.5	0	0.0
CassandraWriteRequest	3500	194	583500.0	10188	0.5009960418952285	583500.0	10192	0.501192742343558	2334.0	30	0.0014752533624712264	3306.5	0	0.0	3306.5	0	0.0
CassandraWriteRequest	3500	195	586500.0	10500	0.5163386768649293	586500.0	10500	0.5163386768649293	2346.0	26	0.0012785529141417296	3323.5	0	0.0	3323.5	0	0.0
CassandraWriteRequest	3500	196	589500.0	10497	0.5161911515286821	589500.0	10497	0.5161911515286821	2358.0	1	4.9175112082374214E-5	3340.5	0	0.0	3340.5	0	0.0
CassandraWriteRequest	3500	197	592500.0	9097	0.4473459946133582	592500.0	9033	0.4441987874400863	2370.0	0	0.0	3357.5	0	0.0	3357.5	0	0.0
CassandraWriteRequest	3500	198	595500.0	10157	0.49947161342067486	595500.0	10221	0.5026188205939468	2382.0	0	0.0	3374.5	0	0.0	3374.5	0	0.0
CassandraWriteRequest	3500	199	598500.0	10500	0.5163386768649293	598500.0	10500	0.5163386768649293	2394.0	0	0.0	3391.5	0	0.0	3391.5	0	0.0
