'Request type'	'Load'	'Bucket'	'Start time'	'Absolute'	'Percent of requests'	'End time'	'Absolute'	'Percent of requests'	'Residence time'	'Absolute'	'Percent of requests'	'Theor. think time'	'Absolute'	'Percent of requests'	'Actual think time'	'Absolute'	'Percent of requests'
CassandraWriteRequest	1000	0	1500.0	2660	0.4632798471524835	1500.0	2660	0.4632798471524835	12.5	562396	97.94989959367221	33.0	574103	99.98885341721136	33.0	574103	99.98885341721136
CassandraWriteRequest	1000	1	4500.0	2926	0.5096078318677318	4500.0	2920	0.5085628397312977	37.5	6227	1.0845276722625994	99.0	0	0.0	99.0	0	0.0
CassandraWriteRequest	1000	2	7500.0	2994	0.5214510760806524	7500.0	3000	0.5224960682170866	62.5	1390	0.24208984494058347	165.0	0	0.0	165.0	0	0.0
CassandraWriteRequest	1000	3	10500.0	2649	0.4613640282356875	10500.0	2597	0.45230742971992466	87.5	1490	0.2595063805478197	231.0	0	0.0	231.0	0	0.0
CassandraWriteRequest	1000	4	13500.0	2790	0.4859213434418906	13500.0	2778	0.4838313591690222	112.5	981	0.17085621430698733	297.0	0	0.0	297.0	0	0.0
CassandraWriteRequest	1000	5	16500.0	1407	0.24505065599381362	16500.0	1471	0.2561972387824448	137.5	334	0.05817122892816898	363.0	0	0.0	363.0	0	0.0
CassandraWriteRequest	1000	6	19500.0	2001	0.3485048775007968	19500.0	2001	0.3485048775007968	162.5	273	0.04754714220775488	429.0	0	0.0	429.0	0	0.0
CassandraWriteRequest	1000	7	22500.0	2079	0.36208977527444103	22500.0	2015	0.35094319248580985	187.5	275	0.04789547291989961	495.0	0	0.0	495.0	0	0.0
CassandraWriteRequest	1000	8	25500.0	0	0.0	25500.0	0	0.0	212.5	68	0.01184324421292063	561.0	0	0.0	561.0	0	0.0
CassandraWriteRequest	1000	9	28500.0	1936	0.33718412935609327	28500.0	2000	0.34833071214472444	237.5	30	0.0052249606821708665	627.0	0	0.0	627.0	0	0.0
CassandraWriteRequest	1000	10	31500.0	3000	0.5224960682170866	31500.0	3000	0.5224960682170866	262.5	48	0.008359937091473386	693.0	0	0.0	693.0	0	0.0
CassandraWriteRequest	1000	11	34500.0	2800	0.4876629970026142	34500.0	2736	0.476516414213983	287.5	64	0.011146582788631182	759.0	0	0.0	759.0	0	0.0
CassandraWriteRequest	1000	12	37500.0	2879	0.5014220601323308	37500.0	2918	0.5082145090191529	312.5	0	0.0	825.0	0	0.0	825.0	0	0.0
CassandraWriteRequest	1000	13	40500.0	2883	0.5021187215566203	40500.0	2867	0.4993320758594625	337.5	30	0.0052249606821708665	891.0	0	0.0	891.0	0	0.0
CassandraWriteRequest	1000	14	43500.0	2895	0.5042087058294886	43500.0	2925	0.5094336665116594	362.5	0	0.0	957.0	0	0.0	957.0	0	0.0
CassandraWriteRequest	1000	15	46500.0	2962	0.5158777846863368	46500.0	2973	0.5177936036031329	387.5	9	0.0015674882046512598	1023.0	0	0.0	1023.0	0	0.0
CassandraWriteRequest	1000	16	49500.0	2997	0.5219735721488695	49500.0	2997	0.5219735721488695	412.5	26	0.004528299257881417	1089.0	0	0.0	1089.0	0	0.0
CassandraWriteRequest	1000	17	52500.0	3000	0.5224960682170866	52500.0	3000	0.5224960682170866	437.5	4	6.966614242894488E-4	1155.0	0	0.0	1155.0	0	0.0
CassandraWriteRequest	1000	18	55500.0	3000	0.5224960682170866	55500.0	3000	0.5224960682170866	462.5	0	0.0	1221.0	0	0.0	1221.0	0	0.0
CassandraWriteRequest	1000	19	58500.0	3000	0.5224960682170866	58500.0	3000	0.5224960682170866	487.5	35	0.006095787462532677	1287.0	0	0.0	1287.0	0	0.0
CassandraWriteRequest	1000	20	61500.0	3000	0.5224960682170866	61500.0	3000	0.5224960682170866	512.5	4	6.966614242894488E-4	1353.0	0	0.0	1353.0	0	0.0
CassandraWriteRequest	1000	21	64500.0	2519	0.4387225319462804	64500.0	2455	0.42757594915764924	537.5	7	0.0012191574925065356	1419.0	0	0.0	1419.0	0	0.0
CassandraWriteRequest	1000	22	67500.0	2936	0.5113494854284555	67500.0	3000	0.5224960682170866	562.5	7	0.0012191574925065356	1485.0	0	0.0	1485.0	0	0.0
CassandraWriteRequest	1000	23	70500.0	3000	0.5224960682170866	70500.0	3000	0.5224960682170866	587.5	30	0.0052249606821708665	1551.0	0	0.0	1551.0	0	0.0
CassandraWriteRequest	1000	24	73500.0	3000	0.5224960682170866	73500.0	3000	0.5224960682170866	612.5	13	0.0022641496289407086	1617.0	0	0.0	1617.0	0	0.0
CassandraWriteRequest	1000	25	76500.0	2954	0.514484461837758	76500.0	2940	0.5120461468527449	637.5	14	0.002438314985013071	1683.0	0	0.0	1683.0	0	0.0
CassandraWriteRequest	1000	26	79500.0	2984	0.5197094225199288	79500.0	2996	0.5217994067927972	662.5	8	0.0013933228485788977	1749.0	0	0.0	1749.0	0	0.0
CassandraWriteRequest	1000	27	82500.0	2998	0.5221477375049419	82500.0	3000	0.5224960682170866	687.5	10	0.0017416535607236222	1815.0	0	0.0	1815.0	0	0.0
CassandraWriteRequest	1000	28	85500.0	3000	0.5224960682170866	85500.0	3000	0.5224960682170866	712.5	51	0.008882433159690473	1881.0	0	0.0	1881.0	0	0.0
CassandraWriteRequest	1000	29	88500.0	3000	0.5224960682170866	88500.0	3000	0.5224960682170866	737.5	9	0.0015674882046512598	1947.0	0	0.0	1947.0	0	0.0
CassandraWriteRequest	1000	30	91500.0	3000	0.5224960682170866	91500.0	3000	0.5224960682170866	762.5	24	0.004179968545736693	2013.0	0	0.0	2013.0	0	0.0
CassandraWriteRequest	1000	31	94500.0	2990	0.520754414656363	94500.0	2990	0.520754414656363	787.5	25	0.004354133901809055	2079.0	0	0.0	2079.0	0	0.0
CassandraWriteRequest	1000	32	97500.0	3000	0.5224960682170866	97500.0	3000	0.5224960682170866	812.5	39	0.0067924488868221266	2145.0	0	0.0	2145.0	0	0.0
CassandraWriteRequest	1000	33	100500.0	2956	0.5148327925499027	100500.0	2892	0.5036862097612715	837.5	15	0.0026124803410854333	2211.0	0	0.0	2211.0	0	0.0
CassandraWriteRequest	1000	34	103500.0	2872	0.5002029026398243	103500.0	2895	0.5042087058294886	862.5	13	0.0022641496289407086	2277.0	0	0.0	2277.0	0	0.0
CassandraWriteRequest	1000	35	106500.0	2912	0.5071695168827187	106500.0	2922	0.5089111704434424	887.5	11	0.0019158189167959843	2343.0	0	0.0	2343.0	0	0.0
CassandraWriteRequest	1000	36	109500.0	2932	0.510652824004166	109500.0	2959	0.5153552886181197	912.5	4	6.966614242894488E-4	2409.0	0	0.0	2409.0	0	0.0
CassandraWriteRequest	1000	37	112500.0	2920	0.5085628397312977	112500.0	2896	0.5043828711855609	937.5	4	6.966614242894488E-4	2475.0	0	0.0	2475.0	0	0.0
CassandraWriteRequest	1000	38	115500.0	2942	0.5123944775648896	115500.0	2970	0.5172711075349158	962.5	3	5.224960682170866E-4	2541.0	0	0.0	2541.0	0	0.0
CassandraWriteRequest	1000	39	118500.0	2986	0.5200577532320736	118500.0	2986	0.5200577532320736	987.5	3	5.224960682170866E-4	2607.0	0	0.0	2607.0	0	0.0
CassandraWriteRequest	1000	40	121500.0	2995	0.5216252414367248	121500.0	2995	0.5216252414367248	1012.5	1	1.741653560723622E-4	2673.0	0	0.0	2673.0	0	0.0
CassandraWriteRequest	1000	41	124500.0	2989	0.5205802493002907	124500.0	2985	0.5198835878760012	1037.5	0	0.0	2739.0	0	0.0	2739.0	0	0.0
CassandraWriteRequest	1000	42	127500.0	2995	0.5216252414367248	127500.0	2999	0.5223219028610143	1062.5	0	0.0	2805.0	0	0.0	2805.0	0	0.0
CassandraWriteRequest	1000	43	130500.0	2971	0.5174452728909882	130500.0	2971	0.5174452728909882	1087.5	0	0.0	2871.0	0	0.0	2871.0	0	0.0
CassandraWriteRequest	1000	44	133500.0	3000	0.5224960682170866	133500.0	3000	0.5224960682170866	1112.5	0	0.0	2937.0	0	0.0	2937.0	0	0.0
CassandraWriteRequest	1000	45	136500.0	3000	0.5224960682170866	136500.0	2989	0.5205802493002907	1137.5	0	0.0	3003.0	0	0.0	3003.0	0	0.0
CassandraWriteRequest	1000	46	139500.0	2984	0.5197094225199288	139500.0	2995	0.5216252414367248	1162.5	0	0.0	3069.0	0	0.0	3069.0	0	0.0
CassandraWriteRequest	1000	47	142500.0	2990	0.520754414656363	142500.0	2987	0.5202319185881459	1187.5	0	0.0	3135.0	0	0.0	3135.0	0	0.0
CassandraWriteRequest	1000	48	145500.0	2903	0.5056020286780675	145500.0	2906	0.5061245247462846	1212.5	0	0.0	3201.0	0	0.0	3201.0	0	0.0
CassandraWriteRequest	1000	49	148500.0	3000	0.5224960682170866	148500.0	3000	0.5224960682170866	1237.5	0	0.0	3267.0	0	0.0	3267.0	0	0.0
CassandraWriteRequest	1000	50	151500.0	3000	0.5224960682170866	151500.0	3000	0.5224960682170866	1262.5	0	0.0	3333.0	0	0.0	3333.0	0	0.0
CassandraWriteRequest	1000	51	154500.0	3000	0.5224960682170866	154500.0	3000	0.5224960682170866	1287.5	0	0.0	3399.0	0	0.0	3399.0	0	0.0
CassandraWriteRequest	1000	52	157500.0	2931	0.5104786586480936	157500.0	2923	0.5090853357995148	1312.5	0	0.0	3465.0	0	0.0	3465.0	0	0.0
CassandraWriteRequest	1000	53	160500.0	2992	0.5211027453685078	160500.0	3000	0.5224960682170866	1337.5	0	0.0	3531.0	0	0.0	3531.0	0	0.0
CassandraWriteRequest	1000	54	163500.0	2962	0.5158777846863368	163500.0	2962	0.5158777846863368	1362.5	0	0.0	3597.0	0	0.0	3597.0	0	0.0
CassandraWriteRequest	1000	55	166500.0	3000	0.5224960682170866	166500.0	2951	0.5139619657695409	1387.5	0	0.0	3663.0	0	0.0	3663.0	0	0.0
CassandraWriteRequest	1000	56	169500.0	2951	0.5139619657695409	169500.0	3000	0.5224960682170866	1412.5	0	0.0	3729.0	0	0.0	3729.0	0	0.0
CassandraWriteRequest	1000	57	172500.0	3000	0.5224960682170866	172500.0	3000	0.5224960682170866	1437.5	0	0.0	3795.0	0	0.0	3795.0	0	0.0
CassandraWriteRequest	1000	58	175500.0	3000	0.5224960682170866	175500.0	3000	0.5224960682170866	1462.5	0	0.0	3861.0	0	0.0	3861.0	0	0.0
CassandraWriteRequest	1000	59	178500.0	3000	0.5224960682170866	178500.0	3000	0.5224960682170866	1487.5	0	0.0	3927.0	0	0.0	3927.0	0	0.0
CassandraWriteRequest	1000	60	181500.0	3000	0.5224960682170866	181500.0	3000	0.5224960682170866	1512.5	0	0.0	3993.0	0	0.0	3993.0	0	0.0
CassandraWriteRequest	1000	61	184500.0	3000	0.5224960682170866	184500.0	3000	0.5224960682170866	1537.5	0	0.0	4059.0	0	0.0	4059.0	0	0.0
CassandraWriteRequest	1000	62	187500.0	3000	0.5224960682170866	187500.0	3000	0.5224960682170866	1562.5	0	0.0	4125.0	0	0.0	4125.0	0	0.0
CassandraWriteRequest	1000	63	190500.0	2612	0.4549199100610101	190500.0	2612	0.4549199100610101	1587.5	0	0.0	4191.0	0	0.0	4191.0	0	0.0
CassandraWriteRequest	1000	64	193500.0	3000	0.5224960682170866	193500.0	3000	0.5224960682170866	1612.5	0	0.0	4257.0	0	0.0	4257.0	0	0.0
CassandraWriteRequest	1000	65	196500.0	3000	0.5224960682170866	196500.0	3000	0.5224960682170866	1637.5	0	0.0	4323.0	0	0.0	4323.0	0	0.0
CassandraWriteRequest	1000	66	199500.0	3000	0.5224960682170866	199500.0	3000	0.5224960682170866	1662.5	0	0.0	4389.0	0	0.0	4389.0	0	0.0
CassandraWriteRequest	1000	67	202500.0	3000	0.5224960682170866	202500.0	3000	0.5224960682170866	1687.5	0	0.0	4455.0	0	0.0	4455.0	0	0.0
CassandraWriteRequest	1000	68	205500.0	2840	0.4946296112455087	205500.0	2785	0.48505051666152876	1712.5	0	0.0	4521.0	0	0.0	4521.0	0	0.0
CassandraWriteRequest	1000	69	208500.0	2852	0.496719595518377	208500.0	2907	0.506298690102357	1737.5	0	0.0	4587.0	0	0.0	4587.0	0	0.0
CassandraWriteRequest	1000	70	211500.0	2919	0.5083886743752253	211500.0	2872	0.5002029026398243	1762.5	0	0.0	4653.0	0	0.0	4653.0	0	0.0
CassandraWriteRequest	1000	71	214500.0	2953	0.5143102964816856	214500.0	3000	0.5224960682170866	1787.5	0	0.0	4719.0	0	0.0	4719.0	0	0.0
CassandraWriteRequest	1000	72	217500.0	2977	0.5184902650274223	217500.0	2977	0.5184902650274223	1812.5	0	0.0	4785.0	0	0.0	4785.0	0	0.0
CassandraWriteRequest	1000	73	220500.0	3000	0.5224960682170866	220500.0	3000	0.5224960682170866	1837.5	0	0.0	4851.0	0	0.0	4851.0	0	0.0
CassandraWriteRequest	1000	74	223500.0	2990	0.520754414656363	223500.0	2990	0.520754414656363	1862.5	0	0.0	4917.0	0	0.0	4917.0	0	0.0
CassandraWriteRequest	1000	75	226500.0	3000	0.5224960682170866	226500.0	3000	0.5224960682170866	1887.5	0	0.0	4983.0	0	0.0	4983.0	0	0.0
CassandraWriteRequest	1000	76	229500.0	2997	0.5219735721488695	229500.0	2975	0.5181419343152776	1912.5	0	0.0	5049.0	0	0.0	5049.0	0	0.0
CassandraWriteRequest	1000	77	232500.0	2974	0.5179677689592053	232500.0	2996	0.5217994067927972	1937.5	0	0.0	5115.0	0	0.0	5115.0	0	0.0
CassandraWriteRequest	1000	78	235500.0	3000	0.5224960682170866	235500.0	3000	0.5224960682170866	1962.5	0	0.0	5181.0	0	0.0	5181.0	0	0.0
CassandraWriteRequest	1000	79	238500.0	3000	0.5224960682170866	238500.0	3000	0.5224960682170866	1987.5	0	0.0	5247.0	0	0.0	5247.0	0	0.0
CassandraWriteRequest	1000	80	241500.0	2971	0.5174452728909882	241500.0	2971	0.5174452728909882	2012.5	0	0.0	5313.0	0	0.0	5313.0	0	0.0
CassandraWriteRequest	1000	81	244500.0	3000	0.5224960682170866	244500.0	3000	0.5224960682170866	2037.5	0	0.0	5379.0	0	0.0	5379.0	0	0.0
CassandraWriteRequest	1000	82	247500.0	2949	0.5136136350573962	247500.0	2949	0.5136136350573962	2062.5	0	0.0	5445.0	0	0.0	5445.0	0	0.0
CassandraWriteRequest	1000	83	250500.0	3000	0.5224960682170866	250500.0	3000	0.5224960682170866	2087.5	0	0.0	5511.0	0	0.0	5511.0	0	0.0
CassandraWriteRequest	1000	84	253500.0	3000	0.5224960682170866	253500.0	3000	0.5224960682170866	2112.5	0	0.0	5577.0	0	0.0	5577.0	0	0.0
CassandraWriteRequest	1000	85	256500.0	3000	0.5224960682170866	256500.0	3000	0.5224960682170866	2137.5	13	0.0022641496289407086	5643.0	0	0.0	5643.0	0	0.0
CassandraWriteRequest	1000	86	259500.0	3000	0.5224960682170866	259500.0	3000	0.5224960682170866	2162.5	34	0.005921622106460315	5709.0	0	0.0	5709.0	0	0.0
CassandraWriteRequest	1000	87	262500.0	3000	0.5224960682170866	262500.0	3000	0.5224960682170866	2187.5	8	0.0013933228485788977	5775.0	0	0.0	5775.0	0	0.0
CassandraWriteRequest	1000	88	265500.0	3000	0.5224960682170866	265500.0	3000	0.5224960682170866	2212.5	2	3.483307121447244E-4	5841.0	0	0.0	5841.0	0	0.0
CassandraWriteRequest	1000	89	268500.0	3000	0.5224960682170866	268500.0	3000	0.5224960682170866	2237.5	5	8.708267803618111E-4	5907.0	0	0.0	5907.0	0	0.0
CassandraWriteRequest	1000	90	271500.0	3000	0.5224960682170866	271500.0	3000	0.5224960682170866	2262.5	2	3.483307121447244E-4	5973.0	0	0.0	5973.0	0	0.0
CassandraWriteRequest	1000	91	274500.0	2969	0.5170969421788434	274500.0	2948	0.5134394697013238	2287.5	0	0.0	6039.0	0	0.0	6039.0	0	0.0
CassandraWriteRequest	1000	92	277500.0	2955	0.5146586271938304	277500.0	2976	0.51831609967135	2312.5	0	0.0	6105.0	0	0.0	6105.0	0	0.0
CassandraWriteRequest	1000	93	280500.0	2984	0.5197094225199288	280500.0	2983	0.5195352571638565	2337.5	0	0.0	6171.0	0	0.0	6171.0	0	0.0
CassandraWriteRequest	1000	94	283500.0	2981	0.5191869264517117	283500.0	2982	0.5193610918077841	2362.5	0	0.0	6237.0	0	0.0	6237.0	0	0.0
CassandraWriteRequest	1000	95	286500.0	3000	0.5224960682170866	286500.0	3000	0.5224960682170866	2387.5	0	0.0	6303.0	0	0.0	6303.0	0	0.0
CassandraWriteRequest	1000	96	289500.0	2938	0.5116978161406002	289500.0	2877	0.5010737294201861	2412.5	0	0.0	6369.0	0	0.0	6369.0	0	0.0
CassandraWriteRequest	1000	97	292500.0	2924	0.5092595011555872	292500.0	2975	0.5181419343152776	2437.5	0	0.0	6435.0	0	0.0	6435.0	0	0.0
CassandraWriteRequest	1000	98	295500.0	2911	0.5069953515266464	295500.0	2921	0.5087370050873701	2462.5	0	0.0	6501.0	0	0.0	6501.0	0	0.0
CassandraWriteRequest	1000	99	298500.0	2992	0.5211027453685078	298500.0	2962	0.5158777846863368	2487.5	0	0.0	6567.0	0	0.0	6567.0	0	0.0
CassandraWriteRequest	1000	100	301500.0	2952	0.5141361311256133	301500.0	2978	0.5186644303834946	2512.5	0	0.0	6633.0	0	0.0	6633.0	0	0.0
CassandraWriteRequest	1000	101	304500.0	2982	0.5193610918077841	304500.0	2986	0.5200577532320736	2537.5	0	0.0	6699.0	0	0.0	6699.0	0	0.0
CassandraWriteRequest	1000	102	307500.0	2994	0.5214510760806524	307500.0	2994	0.5214510760806524	2562.5	0	0.0	6765.0	0	0.0	6765.0	0	0.0
CassandraWriteRequest	1000	103	310500.0	2733	0.4759939181457659	310500.0	2722	0.47407809922896993	2587.5	0	0.0	6831.0	0	0.0	6831.0	0	0.0
CassandraWriteRequest	1000	104	313500.0	2989	0.5205802493002907	313500.0	3000	0.5224960682170866	2612.5	0	0.0	6897.0	0	0.0	6897.0	0	0.0
CassandraWriteRequest	1000	105	316500.0	3000	0.5224960682170866	316500.0	3000	0.5224960682170866	2637.5	0	0.0	6963.0	0	0.0	6963.0	0	0.0
CassandraWriteRequest	1000	106	319500.0	3000	0.5224960682170866	319500.0	3000	0.5224960682170866	2662.5	0	0.0	7029.0	0	0.0	7029.0	0	0.0
CassandraWriteRequest	1000	107	322500.0	3000	0.5224960682170866	322500.0	3000	0.5224960682170866	2687.5	0	0.0	7095.0	0	0.0	7095.0	0	0.0
CassandraWriteRequest	1000	108	325500.0	3000	0.5224960682170866	325500.0	3000	0.5224960682170866	2712.5	0	0.0	7161.0	0	0.0	7161.0	0	0.0
CassandraWriteRequest	1000	109	328500.0	3000	0.5224960682170866	328500.0	3000	0.5224960682170866	2737.5	0	0.0	7227.0	0	0.0	7227.0	0	0.0
CassandraWriteRequest	1000	110	331500.0	3000	0.5224960682170866	331500.0	3000	0.5224960682170866	2762.5	0	0.0	7293.0	0	0.0	7293.0	0	0.0
CassandraWriteRequest	1000	111	334500.0	3000	0.5224960682170866	334500.0	3000	0.5224960682170866	2787.5	0	0.0	7359.0	0	0.0	7359.0	0	0.0
CassandraWriteRequest	1000	112	337500.0	3000	0.5224960682170866	337500.0	3000	0.5224960682170866	2812.5	0	0.0	7425.0	0	0.0	7425.0	0	0.0
CassandraWriteRequest	1000	113	340500.0	3000	0.5224960682170866	340500.0	3000	0.5224960682170866	2837.5	0	0.0	7491.0	0	0.0	7491.0	0	0.0
CassandraWriteRequest	1000	114	343500.0	3000	0.5224960682170866	343500.0	3000	0.5224960682170866	2862.5	0	0.0	7557.0	0	0.0	7557.0	0	0.0
CassandraWriteRequest	1000	115	346500.0	3000	0.5224960682170866	346500.0	3000	0.5224960682170866	2887.5	0	0.0	7623.0	0	0.0	7623.0	0	0.0
CassandraWriteRequest	1000	116	349500.0	3000	0.5224960682170866	349500.0	3000	0.5224960682170866	2912.5	0	0.0	7689.0	0	0.0	7689.0	0	0.0
CassandraWriteRequest	1000	117	352500.0	3000	0.5224960682170866	352500.0	3000	0.5224960682170866	2937.5	0	0.0	7755.0	0	0.0	7755.0	0	0.0
CassandraWriteRequest	1000	118	355500.0	2956	0.5148327925499027	355500.0	2956	0.5148327925499027	2962.5	0	0.0	7821.0	0	0.0	7821.0	0	0.0
CassandraWriteRequest	1000	119	358500.0	3000	0.5224960682170866	358500.0	2992	0.5211027453685078	2987.5	0	0.0	7887.0	0	0.0	7887.0	0	0.0
CassandraWriteRequest	1000	120	361500.0	2992	0.5211027453685078	361500.0	3000	0.5224960682170866	3012.5	0	0.0	7953.0	0	0.0	7953.0	0	0.0
CassandraWriteRequest	1000	121	364500.0	2919	0.5083886743752253	364500.0	2919	0.5083886743752253	3037.5	0	0.0	8019.0	0	0.0	8019.0	0	0.0
CassandraWriteRequest	1000	122	367500.0	0	0.0	367500.0	0	0.0	3062.5	0	0.0	8085.0	0	0.0	8085.0	0	0.0
CassandraWriteRequest	1000	123	370500.0	0	0.0	370500.0	0	0.0	3087.5	0	0.0	8151.0	0	0.0	8151.0	0	0.0
CassandraWriteRequest	1000	124	373500.0	0	0.0	373500.0	0	0.0	3112.5	0	0.0	8217.0	0	0.0	8217.0	0	0.0
CassandraWriteRequest	1000	125	376500.0	312	0.05433959109457701	376500.0	249	0.04336717366201819	3137.5	0	0.0	8283.0	0	0.0	8283.0	0	0.0
CassandraWriteRequest	1000	126	379500.0	2770	0.48243803632044335	379500.0	2829	0.4927137923287127	3162.5	0	0.0	8349.0	0	0.0	8349.0	0	0.0
CassandraWriteRequest	1000	127	382500.0	2996	0.5217994067927972	382500.0	2997	0.5219735721488695	3187.5	0	0.0	8415.0	0	0.0	8415.0	0	0.0
CassandraWriteRequest	1000	128	385500.0	2993	0.52127691072458	385500.0	2995	0.5216252414367248	3212.5	0	0.0	8481.0	0	0.0	8481.0	0	0.0
CassandraWriteRequest	1000	129	388500.0	2969	0.5170969421788434	388500.0	2961	0.5157036193302645	3237.5	0	0.0	8547.0	0	0.0	8547.0	0	0.0
CassandraWriteRequest	1000	130	391500.0	2989	0.5205802493002907	391500.0	2998	0.5221477375049419	3262.5	0	0.0	8613.0	0	0.0	8613.0	0	0.0
CassandraWriteRequest	1000	131	394500.0	2986	0.5200577532320736	394500.0	2980	0.5190127610956394	3287.5	0	0.0	8679.0	0	0.0	8679.0	0	0.0
CassandraWriteRequest	1000	132	397500.0	2968	0.516922776822771	397500.0	2973	0.5177936036031329	3312.5	0	0.0	8745.0	0	0.0	8745.0	0	0.0
CassandraWriteRequest	1000	133	400500.0	2992	0.5211027453685078	400500.0	2986	0.5200577532320736	3337.5	0	0.0	8811.0	0	0.0	8811.0	0	0.0
CassandraWriteRequest	1000	134	403500.0	2986	0.5200577532320736	403500.0	2989	0.5205802493002907	3362.5	0	0.0	8877.0	0	0.0	8877.0	0	0.0
CassandraWriteRequest	1000	135	406500.0	2990	0.520754414656363	406500.0	2993	0.52127691072458	3387.5	0	0.0	8943.0	0	0.0	8943.0	0	0.0
CassandraWriteRequest	1000	136	409500.0	2997	0.5219735721488695	409500.0	2988	0.5204060839442183	3412.5	0	0.0	9009.0	0	0.0	9009.0	0	0.0
CassandraWriteRequest	1000	137	412500.0	2988	0.5204060839442183	412500.0	2998	0.5221477375049419	3437.5	0	0.0	9075.0	0	0.0	9075.0	0	0.0
CassandraWriteRequest	1000	138	415500.0	2999	0.5223219028610143	415500.0	2999	0.5223219028610143	3462.5	0	0.0	9141.0	0	0.0	9141.0	0	0.0
CassandraWriteRequest	1000	139	418500.0	2999	0.5223219028610143	418500.0	2998	0.5221477375049419	3487.5	0	0.0	9207.0	0	0.0	9207.0	0	0.0
CassandraWriteRequest	1000	140	421500.0	2999	0.5223219028610143	421500.0	3000	0.5224960682170866	3512.5	0	0.0	9273.0	0	0.0	9273.0	0	0.0
CassandraWriteRequest	1000	141	424500.0	2999	0.5223219028610143	424500.0	2957	0.5150069579059751	3537.5	0	0.0	9339.0	0	0.0	9339.0	0	0.0
CassandraWriteRequest	1000	142	427500.0	2953	0.5143102964816856	427500.0	2995	0.5216252414367248	3562.5	0	0.0	9405.0	0	0.0	9405.0	0	0.0
CassandraWriteRequest	1000	143	430500.0	3000	0.5224960682170866	430500.0	3000	0.5224960682170866	3587.5	0	0.0	9471.0	0	0.0	9471.0	0	0.0
CassandraWriteRequest	1000	144	433500.0	3000	0.5224960682170866	433500.0	3000	0.5224960682170866	3612.5	0	0.0	9537.0	0	0.0	9537.0	0	0.0
CassandraWriteRequest	1000	145	436500.0	2999	0.5223219028610143	436500.0	2999	0.5223219028610143	3637.5	0	0.0	9603.0	0	0.0	9603.0	0	0.0
CassandraWriteRequest	1000	146	439500.0	3000	0.5224960682170866	439500.0	3000	0.5224960682170866	3662.5	0	0.0	9669.0	0	0.0	9669.0	0	0.0
CassandraWriteRequest	1000	147	442500.0	3000	0.5224960682170866	442500.0	3000	0.5224960682170866	3687.5	0	0.0	9735.0	0	0.0	9735.0	0	0.0
CassandraWriteRequest	1000	148	445500.0	2940	0.5120461468527449	445500.0	2905	0.5059503593902123	3712.5	0	0.0	9801.0	0	0.0	9801.0	0	0.0
CassandraWriteRequest	1000	149	448500.0	2956	0.5148327925499027	448500.0	2959	0.5153552886181197	3737.5	0	0.0	9867.0	0	0.0	9867.0	0	0.0
CassandraWriteRequest	1000	150	451500.0	2968	0.516922776822771	451500.0	3000	0.5224960682170866	3762.5	0	0.0	9933.0	0	0.0	9933.0	0	0.0
CassandraWriteRequest	1000	151	454500.0	2974	0.5179677689592053	454500.0	2962	0.5158777846863368	3787.5	0	0.0	9999.0	0	0.0	9999.0	0	0.0
CassandraWriteRequest	1000	152	457500.0	2935	0.5111753200723831	457500.0	2946	0.5130911389891791	3812.5	0	0.0	10065.0	0	0.0	10065.0	0	0.0
CassandraWriteRequest	1000	153	460500.0	2993	0.52127691072458	460500.0	2990	0.520754414656363	3837.5	0	0.0	10131.0	0	0.0	10131.0	0	0.0
CassandraWriteRequest	1000	154	463500.0	2979	0.518838595739567	463500.0	2980	0.5190127610956394	3862.5	0	0.0	10197.0	0	0.0	10197.0	0	0.0
CassandraWriteRequest	1000	155	466500.0	2777	0.48365719381294986	466500.0	2780	0.48417968988116694	3887.5	0	0.0	10263.0	0	0.0	10263.0	0	0.0
CassandraWriteRequest	1000	156	469500.0	3000	0.5224960682170866	469500.0	3000	0.5224960682170866	3912.5	0	0.0	10329.0	0	0.0	10329.0	0	0.0
CassandraWriteRequest	1000	157	472500.0	3000	0.5224960682170866	472500.0	3000	0.5224960682170866	3937.5	0	0.0	10395.0	0	0.0	10395.0	0	0.0
CassandraWriteRequest	1000	158	475500.0	3000	0.5224960682170866	475500.0	3000	0.5224960682170866	3962.5	0	0.0	10461.0	0	0.0	10461.0	0	0.0
CassandraWriteRequest	1000	159	478500.0	3000	0.5224960682170866	478500.0	3000	0.5224960682170866	3987.5	0	0.0	10527.0	0	0.0	10527.0	0	0.0
CassandraWriteRequest	1000	160	481500.0	3000	0.5224960682170866	481500.0	3000	0.5224960682170866	4012.5	0	0.0	10593.0	0	0.0	10593.0	0	0.0
CassandraWriteRequest	1000	161	484500.0	3000	0.5224960682170866	484500.0	3000	0.5224960682170866	4037.5	0	0.0	10659.0	0	0.0	10659.0	0	0.0
CassandraWriteRequest	1000	162	487500.0	3000	0.5224960682170866	487500.0	3000	0.5224960682170866	4062.5	0	0.0	10725.0	0	0.0	10725.0	0	0.0
CassandraWriteRequest	1000	163	490500.0	3000	0.5224960682170866	490500.0	3000	0.5224960682170866	4087.5	0	0.0	10791.0	0	0.0	10791.0	0	0.0
CassandraWriteRequest	1000	164	493500.0	3000	0.5224960682170866	493500.0	3000	0.5224960682170866	4112.5	0	0.0	10857.0	0	0.0	10857.0	0	0.0
CassandraWriteRequest	1000	165	496500.0	3000	0.5224960682170866	496500.0	3000	0.5224960682170866	4137.5	0	0.0	10923.0	0	0.0	10923.0	0	0.0
CassandraWriteRequest	1000	166	499500.0	2998	0.5221477375049419	499500.0	2997	0.5219735721488695	4162.5	0	0.0	10989.0	0	0.0	10989.0	0	0.0
CassandraWriteRequest	1000	167	502500.0	2997	0.5219735721488695	502500.0	2998	0.5221477375049419	4187.5	0	0.0	11055.0	0	0.0	11055.0	0	0.0
CassandraWriteRequest	1000	168	505500.0	2865	0.49898374514731775	505500.0	2801	0.48783716235868657	4212.5	0	0.0	11121.0	0	0.0	11121.0	0	0.0
CassandraWriteRequest	1000	169	508500.0	2924	0.5092595011555872	508500.0	2988	0.5204060839442183	4237.5	0	0.0	11187.0	0	0.0	11187.0	0	0.0
CassandraWriteRequest	1000	170	511500.0	2970	0.5172711075349158	511500.0	2968	0.516922776822771	4262.5	0	0.0	11253.0	0	0.0	11253.0	0	0.0
CassandraWriteRequest	1000	171	514500.0	2970	0.5172711075349158	514500.0	2967	0.5167486114666987	4287.5	0	0.0	11319.0	0	0.0	11319.0	0	0.0
CassandraWriteRequest	1000	172	517500.0	2964	0.5162261153984816	517500.0	2962	0.5158777846863368	4312.5	0	0.0	11385.0	0	0.0	11385.0	0	0.0
CassandraWriteRequest	1000	173	520500.0	2957	0.5150069579059751	520500.0	2956	0.5148327925499027	4337.5	0	0.0	11451.0	0	0.0	11451.0	0	0.0
CassandraWriteRequest	1000	174	523500.0	2956	0.5148327925499027	523500.0	2964	0.5162261153984816	4362.5	0	0.0	11517.0	0	0.0	11517.0	0	0.0
CassandraWriteRequest	1000	175	526500.0	2995	0.5216252414367248	526500.0	2989	0.5205802493002907	4387.5	0	0.0	11583.0	0	0.0	11583.0	0	0.0
CassandraWriteRequest	1000	176	529500.0	2988	0.5204060839442183	529500.0	2994	0.5214510760806524	4412.5	0	0.0	11649.0	0	0.0	11649.0	0	0.0
CassandraWriteRequest	1000	177	532500.0	3000	0.5224960682170866	532500.0	3000	0.5224960682170866	4437.5	0	0.0	11715.0	0	0.0	11715.0	0	0.0
CassandraWriteRequest	1000	178	535500.0	2999	0.5223219028610143	535500.0	2999	0.5223219028610143	4462.5	0	0.0	11781.0	0	0.0	11781.0	0	0.0
CassandraWriteRequest	1000	179	538500.0	3000	0.5224960682170866	538500.0	3000	0.5224960682170866	4487.5	0	0.0	11847.0	0	0.0	11847.0	0	0.0
CassandraWriteRequest	1000	180	541500.0	3000	0.5224960682170866	541500.0	3000	0.5224960682170866	4512.5	0	0.0	11913.0	0	0.0	11913.0	0	0.0
CassandraWriteRequest	1000	181	544500.0	3000	0.5224960682170866	544500.0	2996	0.5217994067927972	4537.5	0	0.0	11979.0	0	0.0	11979.0	0	0.0
CassandraWriteRequest	1000	182	547500.0	2975	0.5181419343152776	547500.0	2978	0.5186644303834946	4562.5	0	0.0	12045.0	0	0.0	12045.0	0	0.0
CassandraWriteRequest	1000	183	550500.0	2991	0.5209285800124354	550500.0	2992	0.5211027453685078	4587.5	0	0.0	12111.0	0	0.0	12111.0	0	0.0
CassandraWriteRequest	1000	184	553500.0	2967	0.5167486114666987	553500.0	2959	0.5153552886181197	4612.5	0	0.0	12177.0	0	0.0	12177.0	0	0.0
CassandraWriteRequest	1000	185	556500.0	2934	0.5110011547163107	556500.0	2942	0.5123944775648896	4637.5	0	0.0	12243.0	0	0.0	12243.0	0	0.0
CassandraWriteRequest	1000	186	559500.0	2995	0.5216252414367248	559500.0	2992	0.5211027453685078	4662.5	0	0.0	12309.0	0	0.0	12309.0	0	0.0
CassandraWriteRequest	1000	187	562500.0	2983	0.5195352571638565	562500.0	2978	0.5186644303834946	4687.5	0	0.0	12375.0	0	0.0	12375.0	0	0.0
CassandraWriteRequest	1000	188	565500.0	2987	0.5202319185881459	565500.0	2991	0.5209285800124354	4712.5	0	0.0	12441.0	0	0.0	12441.0	0	0.0
CassandraWriteRequest	1000	189	568500.0	2995	0.5216252414367248	568500.0	2999	0.5223219028610143	4737.5	0	0.0	12507.0	0	0.0	12507.0	0	0.0
CassandraWriteRequest	1000	190	571500.0	2998	0.5221477375049419	571500.0	2997	0.5219735721488695	4762.5	0	0.0	12573.0	0	0.0	12573.0	0	0.0
CassandraWriteRequest	1000	191	574500.0	2999	0.5223219028610143	574500.0	3000	0.5224960682170866	4787.5	0	0.0	12639.0	0	0.0	12639.0	0	0.0
CassandraWriteRequest	1000	192	577500.0	2999	0.5223219028610143	577500.0	2996	0.5217994067927972	4812.5	28	0.004876629970026142	12705.0	0	0.0	12705.0	0	0.0
CassandraWriteRequest	1000	193	580500.0	2965	0.5164002807545539	580500.0	2968	0.516922776822771	4837.5	19	0.003309141765374882	12771.0	0	0.0	12771.0	0	0.0
CassandraWriteRequest	1000	194	583500.0	2994	0.5214510760806524	583500.0	2993	0.52127691072458	4862.5	16	0.0027866456971577954	12837.0	0	0.0	12837.0	0	0.0
CassandraWriteRequest	1000	195	586500.0	2945	0.5129169736331067	586500.0	2945	0.5129169736331067	4887.5	1	1.741653560723622E-4	12903.0	0	0.0	12903.0	0	0.0
CassandraWriteRequest	1000	196	589500.0	2988	0.5204060839442183	589500.0	2984	0.5197094225199288	4912.5	0	0.0	12969.0	0	0.0	12969.0	0	0.0
CassandraWriteRequest	1000	197	592500.0	2992	0.5211027453685078	592500.0	2990	0.520754414656363	4937.5	0	0.0	13035.0	0	0.0	13035.0	0	0.0
CassandraWriteRequest	1000	198	595500.0	2822	0.49149463483620615	595500.0	2828	0.4925396269726403	4962.5	0	0.0	13101.0	0	0.0	13101.0	0	0.0
CassandraWriteRequest	1000	199	598500.0	2958	0.5151811232620475	598500.0	2959	0.5153552886181197	4987.5	0	0.0	13167.0	0	0.0	13167.0	0	0.0
