'Request type'	'Load'	'Bucket'	'Start time'	'Absolute'	'Percent of requests'	'End time'	'Absolute'	'Percent of requests'	'Residence time'	'Absolute'	'Percent of requests'	'Theor. think time'	'Absolute'	'Percent of requests'	'Actual think time'	'Absolute'	'Percent of requests'
CassandraWriteRequest	2500	0	1500.5	7428	0.5063021945214667	1500.5	7371	0.502416999975462	3.5	1023882	69.78913617811368	6.0	1467108	100.0	6.0	1467108	100.0
CassandraWriteRequest	2500	1	4501.5	7441	0.5071882915231871	4501.5	7498	0.5110734860691919	10.5	273730	18.65779479084021	18.0	0	0.0	18.0	0	0.0
CassandraWriteRequest	2500	2	7502.5	7497	0.5110053247613673	7502.5	7497	0.5110053247613673	17.5	93362	6.363676021124553	30.0	0	0.0	30.0	0	0.0
CassandraWriteRequest	2500	3	10503.5	7197	0.49055693241397363	10503.5	7133	0.4861946087131963	24.5	38278	2.60907854091178	42.0	0	0.0	42.0	0	0.0
CassandraWriteRequest	2500	4	13504.5	7374	0.5026214838989359	13504.5	7406	0.5048026457493245	31.5	15166	1.0337343944685735	54.0	0	0.0	54.0	0	0.0
CassandraWriteRequest	2500	5	16505.5	7374	0.5026214838989359	16505.5	7343	0.5005084833563719	38.5	6837	0.46601886159710126	66.0	0	0.0	66.0	0	0.0
CassandraWriteRequest	2500	6	19506.5	7358	0.5015309029737416	19506.5	7421	0.5058250653666942	45.5	3293	0.22445518666655762	78.0	0	0.0	78.0	0	0.0
CassandraWriteRequest	2500	7	22507.5	7438	0.5069838075997132	22507.5	7438	0.5069838075997132	52.5	1425	0.09712986365011983	90.0	0	0.0	90.0	0	0.0
CassandraWriteRequest	2500	8	25508.5	7392	0.5038483874397794	25508.5	7392	0.5038483874397794	59.5	907	0.06182230619695346	102.0	0	0.0	102.0	0	0.0
CassandraWriteRequest	2500	9	28509.5	7409	0.5050071296727985	28509.5	7383	0.5032349356693577	66.5	955	0.06509404897253644	114.0	0	0.0	114.0	0	0.0
CassandraWriteRequest	2500	10	31510.5	7386	0.5034394195928317	31510.5	7365	0.5020080321285141	73.5	992	0.06761601736204834	126.0	0	0.0	126.0	0	0.0
CassandraWriteRequest	2500	11	34511.5	7424	0.5060295492901682	34511.5	7443	0.5073246141388364	80.5	1025	0.06986534052026164	138.0	0	0.0	138.0	0	0.0
CassandraWriteRequest	2500	12	37512.5	7381	0.5030986130537084	37512.5	7409	0.5050071296727985	87.5	710	0.0483945285554983	150.0	0	0.0	150.0	0	0.0
CassandraWriteRequest	2500	13	40513.5	7498	0.5110734860691919	40513.5	7496	0.5109371634535427	94.5	825	0.056233078955332534	162.0	0	0.0	162.0	0	0.0
CassandraWriteRequest	2500	14	43514.5	7490	0.5105281956065948	43514.5	7476	0.5095739372970497	101.5	1007	0.06863843697941802	174.0	0	0.0	174.0	0	0.0
CassandraWriteRequest	2500	15	46515.5	7066	0.48162780108894504	46515.5	7081	0.48265022070631475	108.5	799	0.05446088495189175	186.0	0	0.0	186.0	0	0.0
CassandraWriteRequest	2500	16	49516.5	7459	0.5084151950640308	49516.5	7459	0.5084151950640308	115.5	616	0.04198736561998163	198.0	0	0.0	198.0	0	0.0
CassandraWriteRequest	2500	17	52517.5	6612	0.450682567336556	52517.5	6554	0.44672921148272654	122.5	516	0.03517123483751707	210.0	0	0.0	210.0	0	0.0
CassandraWriteRequest	2500	18	55518.5	7219	0.49205648118611583	55518.5	7267	0.4953282239616988	129.5	407	0.027741652284630717	222.0	0	0.0	222.0	0	0.0
CassandraWriteRequest	2500	19	58519.5	7469	0.5090968081422772	58519.5	7480	0.5098465825283482	136.5	286	0.019494134037848613	234.0	0	0.0	234.0	0	0.0
CassandraWriteRequest	2500	20	61520.5	7484	0.5101192277596469	61520.5	7484	0.5101192277596469	143.5	220	0.014995487721422009	246.0	0	0.0	246.0	0	0.0
CassandraWriteRequest	2500	21	64521.5	7494	0.5108008408378933	64521.5	7491	0.5105963569144194	150.5	264	0.01799458526570641	258.0	0	0.0	258.0	0	0.0
CassandraWriteRequest	2500	22	67522.5	7489	0.5104600342987701	67522.5	7492	0.510664518222244	157.5	372	0.025356006510768123	270.0	0	0.0	270.0	0	0.0
CassandraWriteRequest	2500	23	70523.5	7497	0.5110053247613673	70523.5	7497	0.5110053247613673	164.5	152	0.010360518789346115	282.0	0	0.0	282.0	0	0.0
CassandraWriteRequest	2500	24	73524.5	7500	0.5112098086848412	73524.5	7500	0.5112098086848412	171.5	173	0.011791906253663671	294.0	0	0.0	294.0	0	0.0
CassandraWriteRequest	2500	25	76525.5	7470	0.5091649694501018	76525.5	7429	0.5063703558292914	178.5	115	0.007838550399834231	306.0	0	0.0	306.0	0	0.0
CassandraWriteRequest	2500	26	79526.5	7459	0.5084151950640308	79526.5	7500	0.5112098086848412	185.5	125	0.008520163478080687	318.0	0	0.0	318.0	0	0.0
CassandraWriteRequest	2500	27	82527.5	7462	0.5086196789875047	82527.5	7398	0.5042573552867273	192.5	63	0.004294162392952666	330.0	0	0.0	330.0	0	0.0
CassandraWriteRequest	2500	28	85528.5	7433	0.5066430010605899	85528.5	7497	0.5110053247613673	199.5	61	0.004157839777303375	342.0	0	0.0	342.0	0	0.0
CassandraWriteRequest	2500	29	88529.5	6989	0.47637938038644734	88529.5	6989	0.47637938038644734	206.5	84	0.005725549857270222	354.0	0	0.0	354.0	0	0.0
CassandraWriteRequest	2500	30	91530.5	7500	0.5112098086848412	91530.5	7452	0.5079380659092583	213.5	45	0.003067258852109047	366.0	0	0.0	366.0	0	0.0
CassandraWriteRequest	2500	31	94531.5	7452	0.5079380659092583	94531.5	7500	0.5112098086848412	220.5	19	0.0012950648486682644	378.0	0	0.0	378.0	0	0.0
CassandraWriteRequest	2500	32	97532.5	7500	0.5112098086848412	97532.5	7499	0.5111416473770165	227.5	34	0.002317484466037947	390.0	0	0.0	390.0	0	0.0
CassandraWriteRequest	2500	33	100533.5	7499	0.5111416473770165	100533.5	7500	0.5112098086848412	234.5	12	8.179356938957459E-4	402.0	0	0.0	402.0	0	0.0
CassandraWriteRequest	2500	34	103534.5	5712	0.3893373902943751	103534.5	5712	0.3893373902943751	241.5	17	0.0011587422330189734	414.0	0	0.0	414.0	0	0.0
CassandraWriteRequest	2500	35	106535.5	7500	0.5112098086848412	106535.5	7500	0.5112098086848412	248.5	18	0.001226903540843619	426.0	0	0.0	426.0	0	0.0
CassandraWriteRequest	2500	36	109536.5	7500	0.5112098086848412	109536.5	7500	0.5112098086848412	255.5	31	0.0021130005425640105	438.0	0	0.0	438.0	0	0.0
CassandraWriteRequest	2500	37	112537.5	7500	0.5112098086848412	112537.5	7500	0.5112098086848412	262.5	20	0.00136322615649291	450.0	0	0.0	450.0	0	0.0
CassandraWriteRequest	2500	38	115538.5	7500	0.5112098086848412	115538.5	7500	0.5112098086848412	269.5	3	2.0448392347393647E-4	462.0	0	0.0	462.0	0	0.0
CassandraWriteRequest	2500	39	118539.5	7500	0.5112098086848412	118539.5	7500	0.5112098086848412	276.5	0	0.0	474.0	0	0.0	474.0	0	0.0
CassandraWriteRequest	2500	40	121540.5	7500	0.5112098086848412	121540.5	7500	0.5112098086848412	283.5	0	0.0	486.0	0	0.0	486.0	0	0.0
CassandraWriteRequest	2500	41	124541.5	7500	0.5112098086848412	124541.5	7500	0.5112098086848412	290.5	0	0.0	498.0	0	0.0	498.0	0	0.0
CassandraWriteRequest	2500	42	127542.5	7500	0.5112098086848412	127542.5	7500	0.5112098086848412	297.5	0	0.0	510.0	0	0.0	510.0	0	0.0
CassandraWriteRequest	2500	43	130543.5	7500	0.5112098086848412	130543.5	7500	0.5112098086848412	304.5	0	0.0	522.0	0	0.0	522.0	0	0.0
CassandraWriteRequest	2500	44	133544.5	6787	0.462610796205869	133544.5	6723	0.45824847250509165	311.5	0	0.0	534.0	0	0.0	534.0	0	0.0
CassandraWriteRequest	2500	45	136545.5	6983	0.4759704125394995	136545.5	6983	0.4759704125394995	318.5	0	0.0	546.0	0	0.0	546.0	0	0.0
CassandraWriteRequest	2500	46	139546.5	7436	0.5068474849840638	139546.5	7500	0.5112098086848412	325.5	0	0.0	558.0	0	0.0	558.0	0	0.0
CassandraWriteRequest	2500	47	142547.5	7500	0.5112098086848412	142547.5	7500	0.5112098086848412	332.5	0	0.0	570.0	0	0.0	570.0	0	0.0
CassandraWriteRequest	2500	48	145548.5	7498	0.5110734860691919	145548.5	7498	0.5110734860691919	339.5	0	0.0	582.0	0	0.0	582.0	0	0.0
CassandraWriteRequest	2500	49	148549.5	7498	0.5110734860691919	148549.5	7498	0.5110734860691919	346.5	0	0.0	594.0	0	0.0	594.0	0	0.0
CassandraWriteRequest	2500	50	151550.5	7497	0.5110053247613673	151550.5	7496	0.5109371634535427	353.5	0	0.0	606.0	0	0.0	606.0	0	0.0
CassandraWriteRequest	2500	51	154551.5	7499	0.5111416473770165	154551.5	7500	0.5112098086848412	360.5	0	0.0	618.0	0	0.0	618.0	0	0.0
CassandraWriteRequest	2500	52	157552.5	7268	0.49539638526952345	157552.5	7224	0.49239728772523905	367.5	0	0.0	630.0	0	0.0	630.0	0	0.0
CassandraWriteRequest	2500	53	160553.5	7224	0.49239728772523905	160553.5	7257	0.49464661088345235	374.5	0	0.0	642.0	0	0.0	642.0	0	0.0
CassandraWriteRequest	2500	54	163554.5	6203	0.422804592436276	163554.5	6152	0.4193283657372191	381.5	0	0.0	654.0	0	0.0	654.0	0	0.0
CassandraWriteRequest	2500	55	166555.5	7395	0.5040528713632534	166555.5	7448	0.5076654206779596	388.5	0	0.0	666.0	0	0.0	666.0	0	0.0
CassandraWriteRequest	2500	56	169556.5	7487	0.5103237116831209	169556.5	7496	0.5109371634535427	395.5	0	0.0	678.0	0	0.0	678.0	0	0.0
CassandraWriteRequest	2500	57	172557.5	7500	0.5112098086848412	172557.5	7500	0.5112098086848412	402.5	36	0.002453807081687238	690.0	0	0.0	690.0	0	0.0
CassandraWriteRequest	2500	58	175558.5	7322	0.4990770958920543	175558.5	7258	0.494714772191277	409.5	4	2.72645231298582E-4	702.0	0	0.0	702.0	0	0.0
CassandraWriteRequest	2500	59	178559.5	7344	0.5005766446641965	178559.5	7404	0.5046663231336752	416.5	5	3.408065391232275E-4	714.0	0	0.0	714.0	0	0.0
CassandraWriteRequest	2500	60	181560.5	7482	0.5099829051439976	181560.5	7435	0.5067793236762392	423.5	38	0.002590129697336529	726.0	0	0.0	726.0	0	0.0
CassandraWriteRequest	2500	61	184561.5	6909	0.4709264757604757	184561.5	6896	0.4700403787587553	430.5	20	0.00136322615649291	738.0	0	0.0	738.0	0	0.0
CassandraWriteRequest	2500	62	187562.5	7436	0.5068474849840638	187562.5	7500	0.5112098086848412	437.5	0	0.0	750.0	0	0.0	750.0	0	0.0
CassandraWriteRequest	2500	63	190563.5	7500	0.5112098086848412	190563.5	7500	0.5112098086848412	444.5	0	0.0	762.0	0	0.0	762.0	0	0.0
CassandraWriteRequest	2500	64	193564.5	7471	0.5092331307579265	193564.5	7407	0.5048708070571492	451.5	0	0.0	774.0	0	0.0	774.0	0	0.0
CassandraWriteRequest	2500	65	196565.5	7375	0.5026896452067605	196565.5	7430	0.5064385171371161	458.5	0	0.0	786.0	0	0.0	786.0	0	0.0
CassandraWriteRequest	2500	66	199566.5	7485	0.5101873890674715	199566.5	7454	0.5080743885249075	465.5	0	0.0	798.0	0	0.0	798.0	0	0.0
CassandraWriteRequest	2500	67	202567.5	7438	0.5069838075997132	202567.5	7478	0.509710259912699	472.5	0	0.0	810.0	0	0.0	810.0	0	0.0
CassandraWriteRequest	2500	68	205568.5	7279	0.49614615965559455	205568.5	7255	0.4945102882678031	479.5	0	0.0	822.0	0	0.0	822.0	0	0.0
CassandraWriteRequest	2500	69	208569.5	7418	0.5056205814432203	208569.5	7425	0.5060977105979928	486.5	0	0.0	834.0	0	0.0	834.0	0	0.0
CassandraWriteRequest	2500	70	211570.5	7427	0.5062340332136421	211570.5	7417	0.5055524201353956	493.5	4	2.72645231298582E-4	846.0	0	0.0	846.0	0	0.0
CassandraWriteRequest	2500	71	214571.5	7025	0.4788331874681346	214571.5	7052	0.4806735427794	500.5	22	0.001499548772142201	858.0	0	0.0	858.0	0	0.0
CassandraWriteRequest	2500	72	217572.5	7500	0.5112098086848412	217572.5	7500	0.5112098086848412	507.5	10	6.81613078246455E-4	870.0	0	0.0	870.0	0	0.0
CassandraWriteRequest	2500	73	220573.5	7500	0.5112098086848412	220573.5	7500	0.5112098086848412	514.5	28	0.0019085166190900738	882.0	0	0.0	882.0	0	0.0
CassandraWriteRequest	2500	74	223574.5	7497	0.5110053247613673	223574.5	7495	0.510869002145718	521.5	0	0.0	894.0	0	0.0	894.0	0	0.0
CassandraWriteRequest	2500	75	226575.5	7481	0.509914743836173	226575.5	7483	0.5100510664518222	528.5	0	0.0	906.0	0	0.0	906.0	0	0.0
CassandraWriteRequest	2500	76	229576.5	7468	0.5090286468344526	229576.5	7462	0.5086196789875047	535.5	0	0.0	918.0	0	0.0	918.0	0	0.0
CassandraWriteRequest	2500	77	232577.5	7428	0.5063021945214667	232577.5	7397	0.5041891939789027	542.5	0	0.0	930.0	0	0.0	930.0	0	0.0
CassandraWriteRequest	2500	78	235578.5	7458	0.508347033756206	235578.5	7487	0.5103237116831209	549.5	0	0.0	942.0	0	0.0	942.0	0	0.0
CassandraWriteRequest	2500	79	238579.5	7457	0.5082788724483814	238579.5	7465	0.5088241629109787	556.5	0	0.0	954.0	0	0.0	954.0	0	0.0
CassandraWriteRequest	2500	80	241580.5	7499	0.5111416473770165	241580.5	7499	0.5111416473770165	563.5	0	0.0	966.0	0	0.0	966.0	0	0.0
CassandraWriteRequest	2500	81	244581.5	7341	0.5003721607407225	244581.5	7332	0.4997587089703008	570.5	0	0.0	978.0	0	0.0	978.0	0	0.0
CassandraWriteRequest	2500	82	247582.5	7441	0.5071882915231871	247582.5	7449	0.5077335819857843	577.5	0	0.0	990.0	0	0.0	990.0	0	0.0
CassandraWriteRequest	2500	83	250583.5	7471	0.5092331307579265	250583.5	7469	0.5090968081422772	584.5	0	0.0	1002.0	0	0.0	1002.0	0	0.0
CassandraWriteRequest	2500	84	253584.5	6128	0.41769249434942757	253584.5	6067	0.4135346545721242	591.5	0	0.0	1014.0	0	0.0	1014.0	0	0.0
CassandraWriteRequest	2500	85	256585.5	7229	0.49273809426436227	256585.5	7241	0.49355602995825804	598.5	0	0.0	1026.0	0	0.0	1026.0	0	0.0
CassandraWriteRequest	2500	86	259586.5	7314	0.49853180542945713	259586.5	7366	0.5020761934363387	605.5	0	0.0	1038.0	0	0.0	1038.0	0	0.0
CassandraWriteRequest	2500	87	262587.5	7466	0.5088923242188033	262587.5	7446	0.5075290980623104	612.5	0	0.0	1050.0	0	0.0	1050.0	0	0.0
CassandraWriteRequest	2500	88	265588.5	7462	0.5086196789875047	265588.5	7478	0.509710259912699	619.5	0	0.0	1062.0	0	0.0	1062.0	0	0.0
CassandraWriteRequest	2500	89	268589.5	7494	0.5108008408378933	268589.5	7498	0.5110734860691919	626.5	0	0.0	1074.0	0	0.0	1074.0	0	0.0
CassandraWriteRequest	2500	90	271590.5	7499	0.5111416473770165	271590.5	7499	0.5111416473770165	633.5	0	0.0	1086.0	0	0.0	1086.0	0	0.0
CassandraWriteRequest	2500	91	274591.5	7500	0.5112098086848412	274591.5	7500	0.5112098086848412	640.5	0	0.0	1098.0	0	0.0	1098.0	0	0.0
CassandraWriteRequest	2500	92	277592.5	7312	0.49839548281380786	277592.5	7255	0.4945102882678031	647.5	0	0.0	1110.0	0	0.0	1110.0	0	0.0
CassandraWriteRequest	2500	93	280593.5	7396	0.5041210326710781	280593.5	7451	0.5078699046014336	654.5	0	0.0	1122.0	0	0.0	1122.0	0	0.0
CassandraWriteRequest	2500	94	283594.5	6081	0.4144889128816692	283594.5	6083	0.41462523549731856	661.5	0	0.0	1134.0	0	0.0	1134.0	0	0.0
CassandraWriteRequest	2500	95	286595.5	7500	0.5112098086848412	286595.5	7500	0.5112098086848412	668.5	12	8.179356938957459E-4	1146.0	0	0.0	1146.0	0	0.0
CassandraWriteRequest	2500	96	289596.5	7500	0.5112098086848412	289596.5	7500	0.5112098086848412	675.5	44	0.002999097544284402	1158.0	0	0.0	1158.0	0	0.0
CassandraWriteRequest	2500	97	292597.5	7500	0.5112098086848412	292597.5	7500	0.5112098086848412	682.5	6	4.0896784694787293E-4	1170.0	0	0.0	1170.0	0	0.0
CassandraWriteRequest	2500	98	295598.5	7500	0.5112098086848412	295598.5	7500	0.5112098086848412	689.5	1	6.81613078246455E-5	1182.0	0	0.0	1182.0	0	0.0
CassandraWriteRequest	2500	99	298599.5	7500	0.5112098086848412	298599.5	7500	0.5112098086848412	696.5	0	0.0	1194.0	0	0.0	1194.0	0	0.0
CassandraWriteRequest	2500	100	301600.5	7496	0.5109371634535427	301600.5	7496	0.5109371634535427	703.5	0	0.0	1206.0	0	0.0	1206.0	0	0.0
CassandraWriteRequest	2500	101	304601.5	5869	0.4000387156228444	304601.5	5869	0.4000387156228444	710.5	0	0.0	1218.0	0	0.0	1218.0	0	0.0
CassandraWriteRequest	2500	102	307602.5	7500	0.5112098086848412	307602.5	7500	0.5112098086848412	717.5	0	0.0	1230.0	0	0.0	1230.0	0	0.0
CassandraWriteRequest	2500	103	310603.5	7396	0.5041210326710781	310603.5	7332	0.4997587089703008	724.5	0	0.0	1242.0	0	0.0	1242.0	0	0.0
CassandraWriteRequest	2500	104	313604.5	6879	0.46888163652573633	313604.5	6943	0.47324396022651366	731.5	0	0.0	1254.0	0	0.0	1254.0	0	0.0
CassandraWriteRequest	2500	105	316605.5	7500	0.5112098086848412	316605.5	7500	0.5112098086848412	738.5	0	0.0	1266.0	0	0.0	1266.0	0	0.0
CassandraWriteRequest	2500	106	319606.5	7070	0.48190044632024365	319606.5	7008	0.4776744452351156	745.5	0	0.0	1278.0	0	0.0	1278.0	0	0.0
CassandraWriteRequest	2500	107	322607.5	7380	0.5030304517458838	322607.5	7415	0.5054160975197464	752.5	0	0.0	1290.0	0	0.0	1290.0	0	0.0
CassandraWriteRequest	2500	108	325608.5	6900	0.4703130239900539	325608.5	6863	0.467791055600542	759.5	0	0.0	1302.0	0	0.0	1302.0	0	0.0
CassandraWriteRequest	2500	109	328609.5	7436	0.5068474849840638	328609.5	7500	0.5112098086848412	766.5	0	0.0	1314.0	0	0.0	1314.0	0	0.0
CassandraWriteRequest	2500	110	331610.5	7500	0.5112098086848412	331610.5	7500	0.5112098086848412	773.5	0	0.0	1326.0	0	0.0	1326.0	0	0.0
CassandraWriteRequest	2500	111	334611.5	7496	0.5109371634535427	334611.5	7496	0.5109371634535427	780.5	0	0.0	1338.0	0	0.0	1338.0	0	0.0
CassandraWriteRequest	2500	112	337612.5	7500	0.5112098086848412	337612.5	7500	0.5112098086848412	787.5	0	0.0	1350.0	0	0.0	1350.0	0	0.0
CassandraWriteRequest	2500	113	340613.5	7494	0.5108008408378933	340613.5	7430	0.5064385171371161	794.5	0	0.0	1362.0	0	0.0	1362.0	0	0.0
CassandraWriteRequest	2500	114	343614.5	7379	0.5029622904380591	343614.5	7429	0.5063703558292914	801.5	0	0.0	1374.0	0	0.0	1374.0	0	0.0
CassandraWriteRequest	2500	115	346615.5	7452	0.5079380659092583	346615.5	7457	0.5082788724483814	808.5	0	0.0	1386.0	0	0.0	1386.0	0	0.0
CassandraWriteRequest	2500	116	349616.5	7441	0.5071882915231871	349616.5	7448	0.5076654206779596	815.5	0	0.0	1398.0	0	0.0	1398.0	0	0.0
CassandraWriteRequest	2500	117	352617.5	6952	0.4738574119969355	352617.5	6919	0.4716080888387222	822.5	0	0.0	1410.0	0	0.0	1410.0	0	0.0
CassandraWriteRequest	2500	118	355618.5	7382	0.503166774361533	355618.5	7417	0.5055524201353956	829.5	0	0.0	1422.0	0	0.0	1422.0	0	0.0
CassandraWriteRequest	2500	119	358619.5	7491	0.5105963569144194	358619.5	7475	0.5095057759892251	836.5	0	0.0	1434.0	0	0.0	1434.0	0	0.0
CassandraWriteRequest	2500	120	361620.5	7477	0.5096420986048743	361620.5	7493	0.5107326795300687	843.5	0	0.0	1446.0	0	0.0	1446.0	0	0.0
CassandraWriteRequest	2500	121	364621.5	7469	0.5090968081422772	364621.5	7462	0.5086196789875047	850.5	0	0.0	1458.0	0	0.0	1458.0	0	0.0
CassandraWriteRequest	2500	122	367622.5	7489	0.5104600342987701	367622.5	7494	0.5108008408378933	857.5	0	0.0	1470.0	0	0.0	1470.0	0	0.0
CassandraWriteRequest	2500	123	370623.5	7449	0.5077335819857843	370623.5	7391	0.5037802261319548	864.5	0	0.0	1482.0	0	0.0	1482.0	0	0.0
CassandraWriteRequest	2500	124	373624.5	7339	0.5002358381250733	373624.5	7356	0.5013945803580923	871.5	0	0.0	1494.0	0	0.0	1494.0	0	0.0
CassandraWriteRequest	2500	125	376625.5	7227	0.492601771648713	376625.5	7206	0.4911703841843954	878.5	0	0.0	1506.0	0	0.0	1506.0	0	0.0
CassandraWriteRequest	2500	126	379626.5	7324	0.4992134185077036	379626.5	7358	0.5015309029737416	885.5	0	0.0	1518.0	0	0.0	1518.0	0	0.0
CassandraWriteRequest	2500	127	382627.5	7392	0.5038483874397794	382627.5	7416	0.505484258827571	892.5	0	0.0	1530.0	0	0.0	1530.0	0	0.0
CassandraWriteRequest	2500	128	385628.5	7476	0.5095739372970497	385628.5	7473	0.5093694533735758	899.5	0	0.0	1542.0	0	0.0	1542.0	0	0.0
CassandraWriteRequest	2500	129	388629.5	7338	0.5001676768172486	388629.5	7289	0.496827772733841	906.5	0	0.0	1554.0	0	0.0	1554.0	0	0.0
CassandraWriteRequest	2500	130	391630.5	7379	0.5029622904380591	391630.5	7437	0.5069156462918886	913.5	0	0.0	1566.0	0	0.0	1566.0	0	0.0
CassandraWriteRequest	2500	131	394631.5	7478	0.509710259912699	394631.5	7474	0.5094376146814005	920.5	0	0.0	1578.0	0	0.0	1578.0	0	0.0
CassandraWriteRequest	2500	132	397632.5	7484	0.5101192277596469	397632.5	7487	0.5103237116831209	927.5	0	0.0	1590.0	0	0.0	1590.0	0	0.0
CassandraWriteRequest	2500	133	400633.5	7481	0.509914743836173	400633.5	7418	0.5056205814432203	934.5	0	0.0	1602.0	0	0.0	1602.0	0	0.0
CassandraWriteRequest	2500	134	403634.5	7395	0.5040528713632534	403634.5	7435	0.5067793236762392	941.5	0	0.0	1614.0	0	0.0	1614.0	0	0.0
CassandraWriteRequest	2500	135	406635.5	7449	0.5077335819857843	406635.5	7455	0.5081425498327321	948.5	0	0.0	1626.0	0	0.0	1626.0	0	0.0
CassandraWriteRequest	2500	136	409636.5	7450	0.5078017432936089	409636.5	7459	0.5084151950640308	955.5	0	0.0	1638.0	0	0.0	1638.0	0	0.0
CassandraWriteRequest	2500	137	412637.5	7479	0.5097784212205236	412637.5	7457	0.5082788724483814	962.5	0	0.0	1650.0	0	0.0	1650.0	0	0.0
CassandraWriteRequest	2500	138	415638.5	7127	0.4857856408662484	415638.5	7158	0.48789864140881245	969.5	0	0.0	1662.0	0	0.0	1662.0	0	0.0
CassandraWriteRequest	2500	139	418639.5	7201	0.4908295776452722	418639.5	7201	0.4908295776452722	976.5	0	0.0	1674.0	0	0.0	1674.0	0	0.0
CassandraWriteRequest	2500	140	421640.5	7323	0.49914525719987896	421640.5	7264	0.49512374003822485	983.5	0	0.0	1686.0	0	0.0	1686.0	0	0.0
CassandraWriteRequest	2500	141	424641.5	7302	0.4977138697355614	424641.5	7343	0.5005084833563719	990.5	0	0.0	1698.0	0	0.0	1698.0	0	0.0
CassandraWriteRequest	2500	142	427642.5	7440	0.5071201302153625	427642.5	7448	0.5076654206779596	997.5	0	0.0	1710.0	0	0.0	1710.0	0	0.0
CassandraWriteRequest	2500	143	430643.5	7477	0.5096420986048743	430643.5	7464	0.5087560016031539	1004.5	0	0.0	1722.0	0	0.0	1722.0	0	0.0
CassandraWriteRequest	2500	144	433644.5	7448	0.5076654206779596	433644.5	7471	0.5092331307579265	1011.5	0	0.0	1734.0	0	0.0	1734.0	0	0.0
CassandraWriteRequest	2500	145	436645.5	7500	0.5112098086848412	436645.5	7500	0.5112098086848412	1018.5	0	0.0	1746.0	0	0.0	1746.0	0	0.0
CassandraWriteRequest	2500	146	439646.5	7456	0.5082107111405568	439646.5	7408	0.5049389683649739	1025.5	0	0.0	1758.0	0	0.0	1758.0	0	0.0
CassandraWriteRequest	2500	147	442647.5	7321	0.4990089345842297	442647.5	7343	0.5005084833563719	1032.5	0	0.0	1770.0	0	0.0	1770.0	0	0.0
CassandraWriteRequest	2500	148	445648.5	7225	0.4924654490330637	445648.5	7251	0.49423764303650447	1039.5	0	0.0	1782.0	0	0.0	1782.0	0	0.0
CassandraWriteRequest	2500	149	448649.5	7472	0.5093012920657511	448649.5	7454	0.5080743885249075	1046.5	0	0.0	1794.0	0	0.0	1794.0	0	0.0
CassandraWriteRequest	2500	150	451650.5	7473	0.5093694533735758	451650.5	7472	0.5093012920657511	1053.5	0	0.0	1806.0	0	0.0	1806.0	0	0.0
CassandraWriteRequest	2500	151	454651.5	7477	0.5096420986048743	454651.5	7493	0.5107326795300687	1060.5	0	0.0	1818.0	0	0.0	1818.0	0	0.0
CassandraWriteRequest	2500	152	457652.5	7463	0.5086878402953293	457652.5	7466	0.5088923242188033	1067.5	0	0.0	1830.0	0	0.0	1830.0	0	0.0
CassandraWriteRequest	2500	153	460653.5	7500	0.5112098086848412	460653.5	7484	0.5101192277596469	1074.5	0	0.0	1842.0	0	0.0	1842.0	0	0.0
CassandraWriteRequest	2500	154	463654.5	7482	0.5099829051439976	463654.5	7498	0.5110734860691919	1081.5	0	0.0	1854.0	0	0.0	1854.0	0	0.0
CassandraWriteRequest	2500	155	466655.5	7009	0.47774260654294026	466655.5	6993	0.47665202561774594	1088.5	0	0.0	1866.0	0	0.0	1866.0	0	0.0
CassandraWriteRequest	2500	156	469656.5	7426	0.5061658719058174	469656.5	7382	0.503166774361533	1095.5	0	0.0	1878.0	0	0.0	1878.0	0	0.0
CassandraWriteRequest	2500	157	472657.5	6822	0.46499644197973156	472657.5	6870	0.46826818475531456	1102.5	0	0.0	1890.0	0	0.0	1890.0	0	0.0
CassandraWriteRequest	2500	158	475658.5	7465	0.5088241629109787	475658.5	7468	0.5090286468344526	1109.5	0	0.0	1902.0	0	0.0	1902.0	0	0.0
CassandraWriteRequest	2500	159	478659.5	7449	0.5077335819857843	478659.5	7456	0.5082107111405568	1116.5	0	0.0	1914.0	0	0.0	1914.0	0	0.0
CassandraWriteRequest	2500	160	481660.5	7465	0.5088241629109787	481660.5	7452	0.5079380659092583	1123.5	0	0.0	1926.0	0	0.0	1926.0	0	0.0
CassandraWriteRequest	2500	161	484661.5	7479	0.5097784212205236	484661.5	7486	0.5102555503752961	1130.5	0	0.0	1938.0	0	0.0	1938.0	0	0.0
CassandraWriteRequest	2500	162	487662.5	7491	0.5105963569144194	487662.5	7499	0.5111416473770165	1137.5	0	0.0	1950.0	0	0.0	1950.0	0	0.0
CassandraWriteRequest	2500	163	490663.5	7500	0.5112098086848412	490663.5	7500	0.5112098086848412	1144.5	0	0.0	1962.0	0	0.0	1962.0	0	0.0
CassandraWriteRequest	2500	164	493664.5	7051	0.4806053814715754	493664.5	6987	0.47624305777079806	1151.5	0	0.0	1974.0	0	0.0	1974.0	0	0.0
CassandraWriteRequest	2500	165	496665.5	7434	0.5067111623684146	496665.5	7498	0.5110734860691919	1158.5	0	0.0	1986.0	0	0.0	1986.0	0	0.0
CassandraWriteRequest	2500	166	499666.5	7488	0.5103918729909455	499666.5	7424	0.5060295492901682	1165.5	0	0.0	1998.0	0	0.0	1998.0	0	0.0
CassandraWriteRequest	2500	167	502667.5	6870	0.46826818475531456	502667.5	6905	0.47065383052917714	1172.5	0	0.0	2010.0	0	0.0	2010.0	0	0.0
CassandraWriteRequest	2500	168	505668.5	7465	0.5088241629109787	505668.5	7494	0.5108008408378933	1179.5	0	0.0	2022.0	0	0.0	2022.0	0	0.0
CassandraWriteRequest	2500	169	508669.5	7499	0.5111416473770165	508669.5	7499	0.5111416473770165	1186.5	0	0.0	2034.0	0	0.0	2034.0	0	0.0
CassandraWriteRequest	2500	170	511670.5	7495	0.510869002145718	511670.5	7483	0.5100510664518222	1193.5	0	0.0	2046.0	0	0.0	2046.0	0	0.0
CassandraWriteRequest	2500	171	514671.5	7481	0.509914743836173	514671.5	7491	0.5105963569144194	1200.5	0	0.0	2058.0	0	0.0	2058.0	0	0.0
CassandraWriteRequest	2500	172	517672.5	7477	0.5096420986048743	517672.5	7453	0.5080062272170829	1207.5	0	0.0	2070.0	0	0.0	2070.0	0	0.0
CassandraWriteRequest	2500	173	520673.5	7424	0.5060295492901682	520673.5	7439	0.5070519689075378	1214.5	0	0.0	2082.0	0	0.0	2082.0	0	0.0
CassandraWriteRequest	2500	174	523674.5	6773	0.46165653789632394	523674.5	6724	0.4583166338129163	1221.5	0	0.0	2094.0	0	0.0	2094.0	0	0.0
CassandraWriteRequest	2500	175	526675.5	7345	0.5006448059720211	526675.5	7384	0.5033030969771823	1228.5	0	0.0	2106.0	0	0.0	2106.0	0	0.0
CassandraWriteRequest	2500	176	529676.5	6988	0.4763112190786227	529676.5	6945	0.47338028284216294	1235.5	0	0.0	2118.0	0	0.0	2118.0	0	0.0
CassandraWriteRequest	2500	177	532677.5	4887	0.3331043113390425	532677.5	4951	0.33746663503981983	1242.5	0	0.0	2130.0	0	0.0	2130.0	0	0.0
CassandraWriteRequest	2500	178	535678.5	7500	0.5112098086848412	535678.5	7500	0.5112098086848412	1249.5	0	0.0	2142.0	0	0.0	2142.0	0	0.0
CassandraWriteRequest	2500	179	538679.5	7500	0.5112098086848412	538679.5	7500	0.5112098086848412	1256.5	0	0.0	2154.0	0	0.0	2154.0	0	0.0
CassandraWriteRequest	2500	180	541680.5	7309	0.4981909988903339	541680.5	7245	0.4938286751895566	1263.5	0	0.0	2166.0	0	0.0	2166.0	0	0.0
CassandraWriteRequest	2500	181	544681.5	7100	0.483945285554983	544681.5	7158	0.48789864140881245	1270.5	0	0.0	2178.0	0	0.0	2178.0	0	0.0
CassandraWriteRequest	2500	182	547682.5	7318	0.49880445066075574	547682.5	7279	0.49614615965559455	1277.5	14	9.542583095450369E-4	2190.0	0	0.0	2190.0	0	0.0
CassandraWriteRequest	2500	183	550683.5	6956	0.47413005722823404	550683.5	6983	0.4759704125394995	1284.5	18	0.001226903540843619	2202.0	0	0.0	2202.0	0	0.0
CassandraWriteRequest	2500	184	553684.5	7442	0.5072564528310117	553684.5	7435	0.5067793236762392	1291.5	0	0.0	2214.0	0	0.0	2214.0	0	0.0
CassandraWriteRequest	2500	185	556685.5	7471	0.5092331307579265	556685.5	7482	0.5099829051439976	1298.5	0	0.0	2226.0	0	0.0	2226.0	0	0.0
CassandraWriteRequest	2500	186	559686.5	7477	0.5096420986048743	559686.5	7491	0.5105963569144194	1305.5	0	0.0	2238.0	0	0.0	2238.0	0	0.0
CassandraWriteRequest	2500	187	562687.5	7312	0.49839548281380786	562687.5	7312	0.49839548281380786	1312.5	0	0.0	2250.0	0	0.0	2250.0	0	0.0
CassandraWriteRequest	2500	188	565688.5	7491	0.5105963569144194	565688.5	7491	0.5105963569144194	1319.5	0	0.0	2262.0	0	0.0	2262.0	0	0.0
CassandraWriteRequest	2500	189	568689.5	7500	0.5112098086848412	568689.5	7500	0.5112098086848412	1326.5	0	0.0	2274.0	0	0.0	2274.0	0	0.0
CassandraWriteRequest	2500	190	571690.5	7500	0.5112098086848412	571690.5	7500	0.5112098086848412	1333.5	0	0.0	2286.0	0	0.0	2286.0	0	0.0
CassandraWriteRequest	2500	191	574691.5	7478	0.509710259912699	574691.5	7470	0.5091649694501018	1340.5	0	0.0	2298.0	0	0.0	2298.0	0	0.0
CassandraWriteRequest	2500	192	577692.5	7473	0.5093694533735758	577692.5	7474	0.5094376146814005	1347.5	0	0.0	2310.0	0	0.0	2310.0	0	0.0
CassandraWriteRequest	2500	193	580693.5	7439	0.5070519689075378	580693.5	7413	0.505279774904097	1354.5	0	0.0	2322.0	0	0.0	2322.0	0	0.0
CassandraWriteRequest	2500	194	583694.5	7380	0.5030304517458838	583694.5	7407	0.5048708070571492	1361.5	0	0.0	2334.0	0	0.0	2334.0	0	0.0
CassandraWriteRequest	2500	195	586695.5	7200	0.4907614163374476	586695.5	7142	0.48680806048361813	1368.5	0	0.0	2346.0	0	0.0	2346.0	0	0.0
CassandraWriteRequest	2500	196	589696.5	7152	0.48748967356186457	589696.5	7152	0.48748967356186457	1375.5	0	0.0	2358.0	0	0.0	2358.0	0	0.0
CassandraWriteRequest	2500	197	592697.5	7348	0.500849289895495	592697.5	7377	0.5028259678224098	1382.5	0	0.0	2370.0	0	0.0	2370.0	0	0.0
CassandraWriteRequest	2500	198	595698.5	7449	0.5077335819857843	595698.5	7471	0.5092331307579265	1389.5	0	0.0	2382.0	0	0.0	2382.0	0	0.0
CassandraWriteRequest	2500	199	598699.5	6795	0.46315608666846614	598699.5	6808	0.4640421836701865	1396.5	0	0.0	2394.0	0	0.0	2394.0	0	0.0
