'Request type'	'Load'	'Bucket'	'Start time'	'Absolute'	'Percent of requests'	'End time'	'Absolute'	'Percent of requests'	'Residence time'	'Absolute'	'Percent of requests'	'Theor. think time'	'Absolute'	'Percent of requests'	'Actual think time'	'Absolute'	'Percent of requests'
CassandraWriteRequest	2000	0	1500.0	5994	0.5062649656028684	1500.0	5994	0.5062649656028684	2.5	743460	62.79408597382525	5.0	1183965	100.00000000000001	5.0	1183965	100.00000000000001
CassandraWriteRequest	2000	1	4500.0	5998	0.5066028134277618	4500.0	5998	0.5066028134277618	7.5	239729	20.24798030347181	15.0	0	0.0	15.0	0	0.0
CassandraWriteRequest	2000	2	7500.0	5981	0.5051669601719646	7500.0	5974	0.504575726478401	12.5	95274	8.047028417225173	25.0	0	0.0	25.0	0	0.0
CassandraWriteRequest	2000	3	10500.0	5931	0.5009438623607961	10500.0	5931	0.5009438623607961	17.5	45777	3.8664149700371215	35.0	0	0.0	35.0	0	0.0
CassandraWriteRequest	2000	4	13500.0	5929	0.5007749384483494	13500.0	5936	0.501366172141913	22.5	23168	1.956814601782992	45.0	0	0.0	45.0	0	0.0
CassandraWriteRequest	2000	5	16500.0	5652	0.4773789765744765	16500.0	5595	0.4725646450697445	27.5	12753	1.0771433277166134	55.0	0	0.0	55.0	0	0.0
CassandraWriteRequest	2000	6	19500.0	5710	0.4822777700354318	19500.0	5766	0.48700763958394044	32.5	6498	0.5488337915394459	65.0	0	0.0	65.0	0	0.0
CassandraWriteRequest	2000	7	22500.0	5991	0.5060115797341983	22500.0	5992	0.5060960416904217	37.5	3729	0.31495863475693964	75.0	0	0.0	75.0	0	0.0
CassandraWriteRequest	2000	8	25500.0	5999	0.5066872753839852	25500.0	5987	0.5056737319093048	42.5	2119	0.178974885237317	85.0	0	0.0	85.0	0	0.0
CassandraWriteRequest	2000	9	28500.0	5962	0.5035621830037206	28500.0	5974	0.504575726478401	47.5	1473	0.1244124615170212	95.0	0	0.0	95.0	0	0.0
CassandraWriteRequest	2000	10	31500.0	6000	0.5067717373402085	31500.0	5993	0.506180503646645	52.5	943	0.07964762471863611	105.0	0	0.0	105.0	0	0.0
CassandraWriteRequest	2000	11	34500.0	5971	0.5043223406097309	34500.0	5967	0.5039844927848375	57.5	646	0.05456242372029579	115.0	0	0.0	115.0	0	0.0
CassandraWriteRequest	2000	12	37500.0	5980	0.5050824982157412	37500.0	5990	0.5059271177779749	62.5	552	0.04662299983529919	125.0	0	0.0	125.0	0	0.0
CassandraWriteRequest	2000	13	40500.0	5992	0.5060960416904217	40500.0	5993	0.506180503646645	67.5	432	0.036487565088495016	135.0	0	0.0	135.0	0	0.0
CassandraWriteRequest	2000	14	43500.0	5990	0.5059271177779749	43500.0	5990	0.5059271177779749	72.5	499	0.04214651615546068	145.0	0	0.0	145.0	0	0.0
CassandraWriteRequest	2000	15	46500.0	5978	0.5049135743032944	46500.0	5977	0.5048291123470711	77.5	598	0.05050824982157412	155.0	0	0.0	155.0	0	0.0
CassandraWriteRequest	2000	16	49500.0	5999	0.5066872753839852	49500.0	5998	0.5066028134277618	82.5	575	0.048565624828436654	165.0	0	0.0	165.0	0	0.0
CassandraWriteRequest	2000	17	52500.0	5822	0.49173750913244907	52500.0	5824	0.4919064330448958	87.5	606	0.05118394547136106	175.0	0	0.0	175.0	0	0.0
CassandraWriteRequest	2000	18	55500.0	6000	0.5067717373402085	55500.0	6000	0.5067717373402085	92.5	600	0.05067717373402086	185.0	0	0.0	185.0	0	0.0
CassandraWriteRequest	2000	19	58500.0	6000	0.5067717373402085	58500.0	6000	0.5067717373402085	97.5	437	0.03690987486961186	195.0	0	0.0	195.0	0	0.0
CassandraWriteRequest	2000	20	61500.0	5869	0.49570722107494736	61500.0	5869	0.49570722107494736	102.5	381	0.032180005321103246	205.0	0	0.0	205.0	0	0.0
CassandraWriteRequest	2000	21	64500.0	5934	0.5011972482294663	64500.0	5919	0.4999303188861158	107.5	355	0.029983994459295674	215.0	0	0.0	215.0	0	0.0
CassandraWriteRequest	2000	22	67500.0	5696	0.4810953026483047	67500.0	5708	0.4821088461229851	112.5	269	0.022720266224086016	225.0	0	0.0	225.0	0	0.0
CassandraWriteRequest	2000	23	70500.0	5975	0.5046601884346243	70500.0	5941	0.5017884819230298	117.5	272	0.022973652092756123	235.0	0	0.0	235.0	0	0.0
CassandraWriteRequest	2000	24	73500.0	5919	0.4999303188861158	73500.0	5915	0.4995924710612223	122.5	216	0.018243782544247508	245.0	0	0.0	245.0	0	0.0
CassandraWriteRequest	2000	25	76500.0	5951	0.5026331014852635	76500.0	5986	0.5055892699530814	127.5	227	0.019172864062704558	255.0	0	0.0	255.0	0	0.0
CassandraWriteRequest	2000	26	79500.0	5978	0.5049135743032944	79500.0	5984	0.5054203460406347	132.5	188	0.015878847769993203	265.0	0	0.0	265.0	0	0.0
CassandraWriteRequest	2000	27	82500.0	6000	0.5067717373402085	82500.0	6000	0.5067717373402085	137.5	235	0.0198485597124915	275.0	0	0.0	275.0	0	0.0
CassandraWriteRequest	2000	28	85500.0	6000	0.5067717373402085	85500.0	6000	0.5067717373402085	142.5	238	0.020101945581161608	285.0	0	0.0	285.0	0	0.0
CassandraWriteRequest	2000	29	88500.0	5804	0.49021719392042845	88500.0	5804	0.49021719392042845	147.5	135	0.011402364090154693	295.0	0	0.0	295.0	0	0.0
CassandraWriteRequest	2000	30	91500.0	6000	0.5067717373402085	91500.0	6000	0.5067717373402085	152.5	167	0.014105146689302472	305.0	0	0.0	305.0	0	0.0
CassandraWriteRequest	2000	31	94500.0	6000	0.5067717373402085	94500.0	6000	0.5067717373402085	157.5	185	0.015625461901323096	315.0	0	0.0	315.0	0	0.0
CassandraWriteRequest	2000	32	97500.0	6000	0.5067717373402085	97500.0	6000	0.5067717373402085	162.5	197	0.016639005376003515	325.0	0	0.0	325.0	0	0.0
CassandraWriteRequest	2000	33	100500.0	5944	0.5020418677917	100500.0	5907	0.49891677541143536	167.5	143	0.012078059739941638	335.0	0	0.0	335.0	0	0.0
CassandraWriteRequest	2000	34	103500.0	5939	0.5016195580105831	103500.0	5934	0.5011972482294663	172.5	66	0.005574489110742294	345.0	0	0.0	345.0	0	0.0
CassandraWriteRequest	2000	35	106500.0	5852	0.4942713678191501	106500.0	5838	0.49308890043202297	177.5	58	0.00489879346095535	355.0	0	0.0	355.0	0	0.0
CassandraWriteRequest	2000	36	109500.0	5726	0.4836291613350057	109500.0	5777	0.4879367211023975	182.5	54	0.004560945636061877	365.0	0	0.0	365.0	0	0.0
CassandraWriteRequest	2000	37	112500.0	5927	0.5006060145359027	112500.0	5931	0.5009438623607961	187.5	66	0.005574489110742294	375.0	0	0.0	375.0	0	0.0
CassandraWriteRequest	2000	38	115500.0	5978	0.5049135743032944	115500.0	5963	0.5036466449599439	192.5	44	0.003716326073828196	385.0	0	0.0	385.0	0	0.0
CassandraWriteRequest	2000	39	118500.0	5963	0.5036466449599439	118500.0	5978	0.5049135743032944	197.5	66	0.005574489110742294	395.0	0	0.0	395.0	0	0.0
CassandraWriteRequest	2000	40	121500.0	5987	0.5056737319093048	121500.0	5988	0.5057581938655281	202.5	64	0.005405565198295558	405.0	0	0.0	405.0	0	0.0
CassandraWriteRequest	2000	41	124500.0	6000	0.5067717373402085	124500.0	5999	0.5066872753839852	207.5	67	0.005658951066965663	415.0	0	0.0	415.0	0	0.0
CassandraWriteRequest	2000	42	127500.0	5999	0.5066872753839852	127500.0	6000	0.5067717373402085	212.5	17	0.0014358532557972577	425.0	0	0.0	425.0	0	0.0
CassandraWriteRequest	2000	43	130500.0	6000	0.5067717373402085	130500.0	6000	0.5067717373402085	217.5	40	0.003378478248934724	435.0	0	0.0	435.0	0	0.0
CassandraWriteRequest	2000	44	133500.0	5993	0.506180503646645	133500.0	5993	0.506180503646645	222.5	44	0.003716326073828196	445.0	0	0.0	445.0	0	0.0
CassandraWriteRequest	2000	45	136500.0	5974	0.504575726478401	136500.0	5967	0.5039844927848375	227.5	42	0.00354740216138146	455.0	0	0.0	455.0	0	0.0
CassandraWriteRequest	2000	46	139500.0	5621	0.4747606559315521	139500.0	5577	0.4710443298577239	232.5	30	0.0025338586867010428	465.0	0	0.0	465.0	0	0.0
CassandraWriteRequest	2000	47	142500.0	5929	0.5007749384483494	142500.0	5976	0.5047446503908477	237.5	30	0.0025338586867010428	475.0	0	0.0	475.0	0	0.0
CassandraWriteRequest	2000	48	145500.0	5996	0.5064338895153151	145500.0	6000	0.5067717373402085	242.5	25	0.0021115489055842022	485.0	0	0.0	485.0	0	0.0
CassandraWriteRequest	2000	49	148500.0	6000	0.5067717373402085	148500.0	6000	0.5067717373402085	247.5	29	0.002449396730477675	495.0	0	0.0	495.0	0	0.0
CassandraWriteRequest	2000	50	151500.0	6000	0.5067717373402085	151500.0	6000	0.5067717373402085	252.5	3	2.533858686701043E-4	505.0	0	0.0	505.0	0	0.0
CassandraWriteRequest	2000	51	154500.0	5611	0.4739160363693184	154500.0	5552	0.4689327809521397	257.5	2	1.689239124467362E-4	515.0	0	0.0	515.0	0	0.0
CassandraWriteRequest	2000	52	157500.0	5930	0.5008594004045728	157500.0	5988	0.5057581938655281	262.5	0	0.0	525.0	0	0.0	525.0	0	0.0
CassandraWriteRequest	2000	53	160500.0	5999	0.5066872753839852	160500.0	6000	0.5067717373402085	267.5	0	0.0	535.0	0	0.0	535.0	0	0.0
CassandraWriteRequest	2000	54	163500.0	5957	0.5031398732226038	163500.0	5909	0.4990856993238821	272.5	1	8.44619562233681E-5	545.0	0	0.0	545.0	0	0.0
CassandraWriteRequest	2000	55	166500.0	5925	0.500437090623456	166500.0	5973	0.5044912645221776	277.5	1	8.44619562233681E-5	555.0	0	0.0	555.0	0	0.0
CassandraWriteRequest	2000	56	169500.0	5982	0.505251422128188	169500.0	5970	0.5042378786535076	282.5	1	8.44619562233681E-5	565.0	0	0.0	565.0	0	0.0
CassandraWriteRequest	2000	57	172500.0	5983	0.5053358840844113	172500.0	5995	0.5063494275590917	287.5	0	0.0	575.0	0	0.0	575.0	0	0.0
CassandraWriteRequest	2000	58	175500.0	5986	0.5055892699530814	175500.0	5983	0.5053358840844113	292.5	3	2.533858686701043E-4	585.0	0	0.0	585.0	0	0.0
CassandraWriteRequest	2000	59	178500.0	5891	0.49756538411186146	178500.0	5872	0.49596060694361743	297.5	2	1.689239124467362E-4	595.0	0	0.0	595.0	0	0.0
CassandraWriteRequest	2000	60	181500.0	5970	0.5042378786535076	181500.0	5989	0.5058426558217515	302.5	1	8.44619562233681E-5	605.0	0	0.0	605.0	0	0.0
CassandraWriteRequest	2000	61	184500.0	5977	0.5048291123470711	184500.0	5979	0.5049980362595179	307.5	0	0.0	615.0	0	0.0	615.0	0	0.0
CassandraWriteRequest	2000	62	187500.0	5857	0.49469367760026695	187500.0	5794	0.48937257435819476	312.5	0	0.0	625.0	0	0.0	625.0	0	0.0
CassandraWriteRequest	2000	63	190500.0	5936	0.501366172141913	190500.0	5996	0.5064338895153151	317.5	0	0.0	635.0	0	0.0	635.0	0	0.0
CassandraWriteRequest	2000	64	193500.0	5962	0.5035621830037206	193500.0	5956	0.5030554112663804	322.5	1	8.44619562233681E-5	645.0	0	0.0	645.0	0	0.0
CassandraWriteRequest	2000	65	196500.0	5984	0.5054203460406347	196500.0	5994	0.5062649656028684	327.5	0	0.0	655.0	0	0.0	655.0	0	0.0
CassandraWriteRequest	2000	66	199500.0	5979	0.5049980362595179	199500.0	5979	0.5049980362595179	332.5	0	0.0	665.0	0	0.0	665.0	0	0.0
CassandraWriteRequest	2000	67	202500.0	5823	0.4918219710886724	202500.0	5759	0.4864164058903769	337.5	0	0.0	675.0	0	0.0	675.0	0	0.0
CassandraWriteRequest	2000	68	205500.0	5935	0.5012817101856897	205500.0	5999	0.5066872753839852	342.5	0	0.0	685.0	0	0.0	685.0	0	0.0
CassandraWriteRequest	2000	69	208500.0	5991	0.5060115797341983	208500.0	5991	0.5060115797341983	347.5	0	0.0	695.0	0	0.0	695.0	0	0.0
CassandraWriteRequest	2000	70	211500.0	6000	0.5067717373402085	211500.0	6000	0.5067717373402085	352.5	3	2.533858686701043E-4	705.0	0	0.0	705.0	0	0.0
CassandraWriteRequest	2000	71	214500.0	5427	0.4583750364242187	214500.0	5427	0.4583750364242187	357.5	1	8.44619562233681E-5	715.0	0	0.0	715.0	0	0.0
CassandraWriteRequest	2000	72	217500.0	6000	0.5067717373402085	217500.0	6000	0.5067717373402085	362.5	0	0.0	725.0	0	0.0	725.0	0	0.0
CassandraWriteRequest	2000	73	220500.0	6000	0.5067717373402085	220500.0	6000	0.5067717373402085	367.5	2	1.689239124467362E-4	735.0	0	0.0	735.0	0	0.0
CassandraWriteRequest	2000	74	223500.0	6000	0.5067717373402085	223500.0	6000	0.5067717373402085	372.5	0	0.0	745.0	0	0.0	745.0	0	0.0
CassandraWriteRequest	2000	75	226500.0	6000	0.5067717373402085	226500.0	6000	0.5067717373402085	377.5	1	8.44619562233681E-5	755.0	0	0.0	755.0	0	0.0
CassandraWriteRequest	2000	76	229500.0	5687	0.48033514504229435	229500.0	5624	0.47501404180022216	382.5	0	0.0	765.0	0	0.0	765.0	0	0.0
CassandraWriteRequest	2000	77	232500.0	5890	0.4974809221556381	232500.0	5946	0.5022107917041467	387.5	0	0.0	775.0	0	0.0	775.0	0	0.0
CassandraWriteRequest	2000	78	235500.0	5931	0.5009438623607961	235500.0	5938	0.5015350960543598	392.5	0	0.0	785.0	0	0.0	785.0	0	0.0
CassandraWriteRequest	2000	79	238500.0	5940	0.5017040199668065	238500.0	5914	0.49950800910499893	397.5	2	1.689239124467362E-4	795.0	0	0.0	795.0	0	0.0
CassandraWriteRequest	2000	80	241500.0	5973	0.5044912645221776	241500.0	5999	0.5066872753839852	402.5	6	5.067717373402086E-4	805.0	0	0.0	805.0	0	0.0
CassandraWriteRequest	2000	81	244500.0	5992	0.5060960416904217	244500.0	5928	0.5006904764921261	407.5	16	0.0013513912995738895	815.0	0	0.0	815.0	0	0.0
CassandraWriteRequest	2000	82	247500.0	5846	0.4937645960818099	247500.0	5907	0.49891677541143536	412.5	5	4.223097811168405E-4	825.0	0	0.0	825.0	0	0.0
CassandraWriteRequest	2000	83	250500.0	5887	0.497227536286968	250500.0	5826	0.4920753569573425	417.5	9	7.601576060103129E-4	835.0	0	0.0	835.0	0	0.0
CassandraWriteRequest	2000	84	253500.0	5870	0.4957916830311707	253500.0	5910	0.49917016128010544	422.5	28	0.0023649347742543065	845.0	0	0.0	845.0	0	0.0
CassandraWriteRequest	2000	85	256500.0	5690	0.4805885309109645	256500.0	5714	0.4826156178603253	427.5	30	0.0025338586867010428	855.0	0	0.0	855.0	0	0.0
CassandraWriteRequest	2000	86	259500.0	6000	0.5067717373402085	259500.0	6000	0.5067717373402085	432.5	12	0.0010135434746804171	865.0	0	0.0	865.0	0	0.0
CassandraWriteRequest	2000	87	262500.0	5988	0.5057581938655281	262500.0	5969	0.5041534166972842	437.5	2	1.689239124467362E-4	875.0	0	0.0	875.0	0	0.0
CassandraWriteRequest	2000	88	265500.0	5897	0.49807215584920167	265500.0	5857	0.49469367760026695	442.5	1	8.44619562233681E-5	885.0	0	0.0	885.0	0	0.0
CassandraWriteRequest	2000	89	268500.0	5908	0.4990012373676587	268500.0	5934	0.5011972482294663	447.5	0	0.0	895.0	0	0.0	895.0	0	0.0
CassandraWriteRequest	2000	90	271500.0	5963	0.5036466449599439	271500.0	5992	0.5060960416904217	452.5	1	8.44619562233681E-5	905.0	0	0.0	905.0	0	0.0
CassandraWriteRequest	2000	91	274500.0	5955	0.502970949310157	274500.0	5947	0.5022952536603701	457.5	2	1.689239124467362E-4	915.0	0	0.0	915.0	0	0.0
CassandraWriteRequest	2000	92	277500.0	5951	0.5026331014852635	277500.0	5952	0.5027175634414869	462.5	0	0.0	925.0	0	0.0	925.0	0	0.0
CassandraWriteRequest	2000	93	280500.0	5967	0.5039844927848375	280500.0	5973	0.5044912645221776	467.5	0	0.0	935.0	0	0.0	935.0	0	0.0
CassandraWriteRequest	2000	94	283500.0	5862	0.4951159873813838	283500.0	5806	0.49038611783287517	472.5	2	1.689239124467362E-4	945.0	0	0.0	945.0	0	0.0
CassandraWriteRequest	2000	95	286500.0	5936	0.501366172141913	286500.0	5997	0.5065183514715385	477.5	1	8.44619562233681E-5	955.0	0	0.0	955.0	0	0.0
CassandraWriteRequest	2000	96	289500.0	6000	0.5067717373402085	289500.0	6000	0.5067717373402085	482.5	0	0.0	965.0	0	0.0	965.0	0	0.0
CassandraWriteRequest	2000	97	292500.0	5991	0.5060115797341983	292500.0	5985	0.505504807996858	487.5	1	8.44619562233681E-5	975.0	0	0.0	975.0	0	0.0
CassandraWriteRequest	2000	98	295500.0	5924	0.5003526286672326	295500.0	5921	0.5000992427985625	492.5	1	8.44619562233681E-5	985.0	0	0.0	985.0	0	0.0
CassandraWriteRequest	2000	99	298500.0	5969	0.5041534166972842	298500.0	5976	0.5047446503908477	497.5	2	1.689239124467362E-4	995.0	0	0.0	995.0	0	0.0
CassandraWriteRequest	2000	100	301500.0	5948	0.5023797156165934	301500.0	5946	0.5022107917041467	502.5	1	8.44619562233681E-5	1005.0	0	0.0	1005.0	0	0.0
CassandraWriteRequest	2000	101	304500.0	5993	0.506180503646645	304500.0	5990	0.5059271177779749	507.5	1	8.44619562233681E-5	1015.0	0	0.0	1015.0	0	0.0
CassandraWriteRequest	2000	102	307500.0	5988	0.5057581938655281	307500.0	5993	0.506180503646645	512.5	0	0.0	1025.0	0	0.0	1025.0	0	0.0
CassandraWriteRequest	2000	103	310500.0	5998	0.5066028134277618	310500.0	6000	0.5067717373402085	517.5	0	0.0	1035.0	0	0.0	1035.0	0	0.0
CassandraWriteRequest	2000	104	313500.0	5997	0.5065183514715385	313500.0	5933	0.501112786273243	522.5	0	0.0	1045.0	0	0.0	1045.0	0	0.0
CassandraWriteRequest	2000	105	316500.0	5936	0.501366172141913	316500.0	6000	0.5067717373402085	527.5	0	0.0	1055.0	0	0.0	1055.0	0	0.0
CassandraWriteRequest	2000	106	319500.0	5998	0.5066028134277618	319500.0	5998	0.5066028134277618	532.5	0	0.0	1065.0	0	0.0	1065.0	0	0.0
CassandraWriteRequest	2000	107	322500.0	5990	0.5059271177779749	322500.0	5949	0.5024641775728168	537.5	0	0.0	1075.0	0	0.0	1075.0	0	0.0
CassandraWriteRequest	2000	108	325500.0	5959	0.5033087971350505	325500.0	5968	0.5040689547410608	542.5	0	0.0	1085.0	0	0.0	1085.0	0	0.0
CassandraWriteRequest	2000	109	328500.0	5817	0.4913151993513322	328500.0	5788	0.48886580262085455	547.5	0	0.0	1095.0	0	0.0	1095.0	0	0.0
CassandraWriteRequest	2000	110	331500.0	5871	0.4958761449873941	331500.0	5919	0.4999303188861158	552.5	0	0.0	1105.0	0	0.0	1105.0	0	0.0
CassandraWriteRequest	2000	111	334500.0	5975	0.5046601884346243	334500.0	5988	0.5057581938655281	557.5	0	0.0	1115.0	0	0.0	1115.0	0	0.0
CassandraWriteRequest	2000	112	337500.0	5799	0.4897948841393116	337500.0	5786	0.4886968787084078	562.5	0	0.0	1125.0	0	0.0	1125.0	0	0.0
CassandraWriteRequest	2000	113	340500.0	5928	0.5006904764921261	340500.0	5941	0.5017884819230298	567.5	0	0.0	1135.0	0	0.0	1135.0	0	0.0
CassandraWriteRequest	2000	114	343500.0	5989	0.5058426558217515	343500.0	5985	0.505504807996858	572.5	0	0.0	1145.0	0	0.0	1145.0	0	0.0
CassandraWriteRequest	2000	115	346500.0	5984	0.5054203460406347	346500.0	5985	0.505504807996858	577.5	0	0.0	1155.0	0	0.0	1155.0	0	0.0
CassandraWriteRequest	2000	116	349500.0	5997	0.5065183514715385	349500.0	5972	0.5044068025659543	582.5	0	0.0	1165.0	0	0.0	1165.0	0	0.0
CassandraWriteRequest	2000	117	352500.0	5806	0.49038611783287517	352500.0	5777	0.4879367211023975	587.5	0	0.0	1175.0	0	0.0	1175.0	0	0.0
CassandraWriteRequest	2000	118	355500.0	5809	0.49063950370154524	355500.0	5814	0.4910618134826621	592.5	0	0.0	1185.0	0	0.0	1185.0	0	0.0
CassandraWriteRequest	2000	119	358500.0	5865	0.49536937325005387	358500.0	5853	0.49435582977537346	597.5	0	0.0	1195.0	0	0.0	1195.0	0	0.0
CassandraWriteRequest	2000	120	361500.0	5896	0.4979876938929783	361500.0	5909	0.4990856993238821	602.5	0	0.0	1205.0	0	0.0	1205.0	0	0.0
CassandraWriteRequest	2000	121	364500.0	5949	0.5024641775728168	364500.0	6000	0.5067717373402085	607.5	0	0.0	1215.0	0	0.0	1215.0	0	0.0
CassandraWriteRequest	2000	122	367500.0	5968	0.5040689547410608	367500.0	5968	0.5040689547410608	612.5	0	0.0	1225.0	0	0.0	1225.0	0	0.0
CassandraWriteRequest	2000	123	370500.0	5990	0.5059271177779749	370500.0	5953	0.5028020253977102	617.5	0	0.0	1235.0	0	0.0	1235.0	0	0.0
CassandraWriteRequest	2000	124	373500.0	4453	0.3761090910626581	373500.0	4483	0.3786429497493592	622.5	0	0.0	1245.0	0	0.0	1245.0	0	0.0
CassandraWriteRequest	2000	125	376500.0	5916	0.49967693301744565	376500.0	5907	0.49891677541143536	627.5	0	0.0	1255.0	0	0.0	1255.0	0	0.0
CassandraWriteRequest	2000	126	379500.0	5968	0.5040689547410608	379500.0	5976	0.5047446503908477	632.5	0	0.0	1265.0	0	0.0	1265.0	0	0.0
CassandraWriteRequest	2000	127	382500.0	5967	0.5039844927848375	382500.0	5948	0.5023797156165934	637.5	0	0.0	1275.0	0	0.0	1275.0	0	0.0
CassandraWriteRequest	2000	128	385500.0	5955	0.502970949310157	385500.0	5975	0.5046601884346243	642.5	0	0.0	1285.0	0	0.0	1285.0	0	0.0
CassandraWriteRequest	2000	129	388500.0	5967	0.5039844927848375	388500.0	5971	0.5043223406097309	647.5	0	0.0	1295.0	0	0.0	1295.0	0	0.0
CassandraWriteRequest	2000	130	391500.0	5975	0.5046601884346243	391500.0	5974	0.504575726478401	652.5	0	0.0	1305.0	0	0.0	1305.0	0	0.0
CassandraWriteRequest	2000	131	394500.0	5996	0.5064338895153151	394500.0	6000	0.5067717373402085	657.5	0	0.0	1315.0	0	0.0	1315.0	0	0.0
CassandraWriteRequest	2000	132	397500.0	5997	0.5065183514715385	397500.0	5994	0.5062649656028684	662.5	0	0.0	1325.0	0	0.0	1325.0	0	0.0
CassandraWriteRequest	2000	133	400500.0	5774	0.48768333523372737	400500.0	5746	0.48531840045947305	667.5	0	0.0	1335.0	0	0.0	1335.0	0	0.0
CassandraWriteRequest	2000	134	403500.0	5943	0.5019574058354765	403500.0	5951	0.5026331014852635	672.5	0	0.0	1345.0	0	0.0	1345.0	0	0.0
CassandraWriteRequest	2000	135	406500.0	5945	0.5021263297479234	406500.0	5958	0.5032243351788271	677.5	0	0.0	1355.0	0	0.0	1355.0	0	0.0
CassandraWriteRequest	2000	136	409500.0	5960	0.5033932590912739	409500.0	5958	0.5032243351788271	682.5	0	0.0	1365.0	0	0.0	1365.0	0	0.0
CassandraWriteRequest	2000	137	412500.0	5962	0.5035621830037206	412500.0	5973	0.5044912645221776	687.5	0	0.0	1375.0	0	0.0	1375.0	0	0.0
CassandraWriteRequest	2000	138	415500.0	5844	0.4935956721693632	415500.0	5840	0.4932578243444697	692.5	0	0.0	1385.0	0	0.0	1385.0	0	0.0
CassandraWriteRequest	2000	139	418500.0	5970	0.5042378786535076	418500.0	5950	0.5025486395290402	697.5	0	0.0	1395.0	0	0.0	1395.0	0	0.0
CassandraWriteRequest	2000	140	421500.0	5966	0.503900030828614	421500.0	5991	0.5060115797341983	702.5	0	0.0	1405.0	0	0.0	1405.0	0	0.0
CassandraWriteRequest	2000	141	424500.0	6000	0.5067717373402085	424500.0	5977	0.5048291123470711	707.5	0	0.0	1415.0	0	0.0	1415.0	0	0.0
CassandraWriteRequest	2000	142	427500.0	5924	0.5003526286672326	427500.0	5918	0.49984585692989236	712.5	0	0.0	1425.0	0	0.0	1425.0	0	0.0
CassandraWriteRequest	2000	143	430500.0	5921	0.5000992427985625	430500.0	5943	0.5019574058354765	717.5	0	0.0	1435.0	0	0.0	1435.0	0	0.0
CassandraWriteRequest	2000	144	433500.0	5928	0.5006904764921261	433500.0	5923	0.5002681667110093	722.5	0	0.0	1445.0	0	0.0	1445.0	0	0.0
CassandraWriteRequest	2000	145	436500.0	5988	0.5057581938655281	436500.0	6000	0.5067717373402085	727.5	0	0.0	1455.0	0	0.0	1455.0	0	0.0
CassandraWriteRequest	2000	146	439500.0	5901	0.49841000367409516	439500.0	5837	0.49300443847579956	732.5	0	0.0	1465.0	0	0.0	1465.0	0	0.0
CassandraWriteRequest	2000	147	442500.0	5761	0.4865853298028236	442500.0	5789	0.4889502645770779	737.5	0	0.0	1475.0	0	0.0	1475.0	0	0.0
CassandraWriteRequest	2000	148	445500.0	5935	0.5012817101856897	445500.0	5970	0.5042378786535076	742.5	0	0.0	1485.0	0	0.0	1485.0	0	0.0
CassandraWriteRequest	2000	149	448500.0	5616	0.47433834615043524	448500.0	5617	0.4744228081066586	747.5	0	0.0	1495.0	0	0.0	1495.0	0	0.0
CassandraWriteRequest	2000	150	451500.0	6000	0.5067717373402085	451500.0	6000	0.5067717373402085	752.5	0	0.0	1505.0	0	0.0	1505.0	0	0.0
CassandraWriteRequest	2000	151	454500.0	6000	0.5067717373402085	454500.0	6000	0.5067717373402085	757.5	0	0.0	1515.0	0	0.0	1515.0	0	0.0
CassandraWriteRequest	2000	152	457500.0	5999	0.5066872753839852	457500.0	5999	0.5066872753839852	762.5	0	0.0	1525.0	0	0.0	1525.0	0	0.0
CassandraWriteRequest	2000	153	460500.0	5995	0.5063494275590917	460500.0	5993	0.506180503646645	767.5	0	0.0	1535.0	0	0.0	1535.0	0	0.0
CassandraWriteRequest	2000	154	463500.0	5987	0.5056737319093048	463500.0	5986	0.5055892699530814	772.5	0	0.0	1545.0	0	0.0	1545.0	0	0.0
CassandraWriteRequest	2000	155	466500.0	5976	0.5047446503908477	466500.0	5974	0.504575726478401	777.5	0	0.0	1555.0	0	0.0	1555.0	0	0.0
CassandraWriteRequest	2000	156	469500.0	5987	0.5056737319093048	469500.0	5992	0.5060960416904217	782.5	0	0.0	1565.0	0	0.0	1565.0	0	0.0
CassandraWriteRequest	2000	157	472500.0	5981	0.5051669601719646	472500.0	5981	0.5051669601719646	787.5	0	0.0	1575.0	0	0.0	1575.0	0	0.0
CassandraWriteRequest	2000	158	475500.0	5882	0.4968052265058511	475500.0	5818	0.4913996613075556	792.5	0	0.0	1585.0	0	0.0	1585.0	0	0.0
CassandraWriteRequest	2000	159	478500.0	5894	0.49781876998053154	478500.0	5931	0.5009438623607961	797.5	0	0.0	1595.0	0	0.0	1595.0	0	0.0
CassandraWriteRequest	2000	160	481500.0	5856	0.4946092156440436	481500.0	5882	0.4968052265058511	802.5	0	0.0	1605.0	0	0.0	1605.0	0	0.0
CassandraWriteRequest	2000	161	484500.0	5994	0.5062649656028684	484500.0	5995	0.5063494275590917	807.5	0	0.0	1615.0	0	0.0	1615.0	0	0.0
CassandraWriteRequest	2000	162	487500.0	6000	0.5067717373402085	487500.0	6000	0.5067717373402085	812.5	2	1.689239124467362E-4	1625.0	0	0.0	1625.0	0	0.0
CassandraWriteRequest	2000	163	490500.0	6000	0.5067717373402085	490500.0	5994	0.5062649656028684	817.5	0	0.0	1635.0	0	0.0	1635.0	0	0.0
CassandraWriteRequest	2000	164	493500.0	5811	0.490808427613992	493500.0	5761	0.4865853298028236	822.5	0	0.0	1645.0	0	0.0	1645.0	0	0.0
CassandraWriteRequest	2000	165	496500.0	5796	0.4895414982706415	496500.0	5843	0.49351121021313976	827.5	0	0.0	1655.0	0	0.0	1655.0	0	0.0
CassandraWriteRequest	2000	166	499500.0	5914	0.49950800910499893	499500.0	5920	0.5000147808423391	832.5	0	0.0	1665.0	0	0.0	1665.0	0	0.0
CassandraWriteRequest	2000	167	502500.0	5969	0.5041534166972842	502500.0	5968	0.5040689547410608	837.5	0	0.0	1675.0	0	0.0	1675.0	0	0.0
CassandraWriteRequest	2000	168	505500.0	5895	0.4979032319367549	505500.0	5896	0.4979876938929783	842.5	0	0.0	1685.0	0	0.0	1685.0	0	0.0
CassandraWriteRequest	2000	169	508500.0	5924	0.5003526286672326	508500.0	5873	0.49604506889984085	847.5	0	0.0	1695.0	0	0.0	1695.0	0	0.0
CassandraWriteRequest	2000	170	511500.0	5888	0.49731199824319133	511500.0	5905	0.4987478514989886	852.5	0	0.0	1705.0	0	0.0	1705.0	0	0.0
CassandraWriteRequest	2000	171	514500.0	5961	0.5034777210474972	514500.0	5959	0.5033087971350505	857.5	0	0.0	1715.0	0	0.0	1715.0	0	0.0
CassandraWriteRequest	2000	172	517500.0	5954	0.5028864873539336	517500.0	5988	0.5057581938655281	862.5	0	0.0	1725.0	0	0.0	1725.0	0	0.0
CassandraWriteRequest	2000	173	520500.0	5995	0.5063494275590917	520500.0	6000	0.5067717373402085	867.5	0	0.0	1735.0	0	0.0	1735.0	0	0.0
CassandraWriteRequest	2000	174	523500.0	5933	0.501112786273243	523500.0	5932	0.5010283243170195	872.5	0	0.0	1745.0	0	0.0	1745.0	0	0.0
CassandraWriteRequest	2000	175	526500.0	5975	0.5046601884346243	526500.0	5961	0.5034777210474972	877.5	0	0.0	1755.0	0	0.0	1755.0	0	0.0
CassandraWriteRequest	2000	176	529500.0	5939	0.5016195580105831	529500.0	5890	0.4974809221556381	882.5	0	0.0	1765.0	0	0.0	1765.0	0	0.0
CassandraWriteRequest	2000	177	532500.0	5699	0.48134868851697477	532500.0	5710	0.4822777700354318	887.5	0	0.0	1775.0	0	0.0	1775.0	0	0.0
CassandraWriteRequest	2000	178	535500.0	5858	0.4947781395564903	535500.0	5896	0.4979876938929783	892.5	0	0.0	1785.0	0	0.0	1785.0	0	0.0
CassandraWriteRequest	2000	179	538500.0	5903	0.4985789275865419	538500.0	5888	0.49731199824319133	897.5	0	0.0	1795.0	0	0.0	1795.0	0	0.0
CassandraWriteRequest	2000	180	541500.0	5777	0.4879367211023975	541500.0	5807	0.4904705797890985	902.5	0	0.0	1805.0	0	0.0	1805.0	0	0.0
CassandraWriteRequest	2000	181	544500.0	6000	0.5067717373402085	544500.0	6000	0.5067717373402085	907.5	0	0.0	1815.0	0	0.0	1815.0	0	0.0
CassandraWriteRequest	2000	182	547500.0	5993	0.506180503646645	547500.0	5993	0.506180503646645	912.5	0	0.0	1825.0	0	0.0	1825.0	0	0.0
CassandraWriteRequest	2000	183	550500.0	5459	0.4610778190233664	550500.0	5401	0.4561790255624111	917.5	0	0.0	1835.0	0	0.0	1835.0	0	0.0
CassandraWriteRequest	2000	184	553500.0	5748	0.4854873243719198	553500.0	5806	0.49038611783287517	922.5	0	0.0	1845.0	0	0.0	1845.0	0	0.0
CassandraWriteRequest	2000	185	556500.0	6000	0.5067717373402085	556500.0	5943	0.5019574058354765	927.5	0	0.0	1855.0	0	0.0	1855.0	0	0.0
CassandraWriteRequest	2000	186	559500.0	5933	0.501112786273243	559500.0	5988	0.5057581938655281	932.5	0	0.0	1865.0	0	0.0	1865.0	0	0.0
CassandraWriteRequest	2000	187	562500.0	5972	0.5044068025659543	562500.0	5972	0.5044068025659543	937.5	0	0.0	1875.0	0	0.0	1875.0	0	0.0
CassandraWriteRequest	2000	188	565500.0	5987	0.5056737319093048	565500.0	5989	0.5058426558217515	942.5	0	0.0	1885.0	0	0.0	1885.0	0	0.0
CassandraWriteRequest	2000	189	568500.0	5996	0.5064338895153151	568500.0	5986	0.5055892699530814	947.5	0	0.0	1895.0	0	0.0	1895.0	0	0.0
CassandraWriteRequest	2000	190	571500.0	5981	0.5051669601719646	571500.0	5991	0.5060115797341983	952.5	0	0.0	1905.0	0	0.0	1905.0	0	0.0
CassandraWriteRequest	2000	191	574500.0	5995	0.5063494275590917	574500.0	5995	0.5063494275590917	957.5	0	0.0	1915.0	0	0.0	1915.0	0	0.0
CassandraWriteRequest	2000	192	577500.0	6000	0.5067717373402085	577500.0	6000	0.5067717373402085	962.5	0	0.0	1925.0	0	0.0	1925.0	0	0.0
CassandraWriteRequest	2000	193	580500.0	6000	0.5067717373402085	580500.0	6000	0.5067717373402085	967.5	0	0.0	1935.0	0	0.0	1935.0	0	0.0
CassandraWriteRequest	2000	194	583500.0	6000	0.5067717373402085	583500.0	6000	0.5067717373402085	972.5	0	0.0	1945.0	0	0.0	1945.0	0	0.0
CassandraWriteRequest	2000	195	586500.0	5588	0.47197341137618093	586500.0	5588	0.47197341137618093	977.5	0	0.0	1955.0	0	0.0	1955.0	0	0.0
CassandraWriteRequest	2000	196	589500.0	5886	0.4971430743307446	589500.0	5822	0.49173750913244907	982.5	0	0.0	1965.0	0	0.0	1965.0	0	0.0
CassandraWriteRequest	2000	197	592500.0	5907	0.49891677541143536	592500.0	5964	0.5037311069161673	987.5	0	0.0	1975.0	0	0.0	1975.0	0	0.0
CassandraWriteRequest	2000	198	595500.0	5945	0.5021263297479234	595500.0	5929	0.5007749384483494	992.5	0	0.0	1985.0	0	0.0	1985.0	0	0.0
CassandraWriteRequest	2000	199	598500.0	5896	0.4979876938929783	598500.0	5919	0.4999303188861158	997.5	0	0.0	1995.0	0	0.0	1995.0	0	0.0
