'Request type'	'Load'	'Bucket'	'Start time'	'Absolute'	'Percent of requests'	'End time'	'Absolute'	'Percent of requests'	'Residence time'	'Absolute'	'Percent of requests'	'Theor. think time'	'Absolute'	'Percent of requests'	'Actual think time'	'Absolute'	'Percent of requests'
CassandraWriteRequest	1000	0	1000.0	1956	0.4991909839370754	1000.0	1917	0.48923778947207236	1.0	87880	22.427864861140176	4.0	391834	100.0	4.0	391834	100.0
CassandraWriteRequest	1000	1	3000.0	1818	0.4639719881378339	3000.0	1826	0.4660136690537319	3.0	90927	23.20549007998285	12.0	0	0.0	12.0	0	0.0
CassandraWriteRequest	1000	2	5000.0	1928	0.4920451007314322	5000.0	1946	0.4966388827922028	5.0	49156	12.545108387735622	20.0	0	0.0	20.0	0	0.0
CassandraWriteRequest	1000	3	7000.0	1827	0.4662688791682192	7000.0	1806	0.4609094667639868	7.0	31646	8.076379283063746	28.0	0	0.0	28.0	0	0.0
CassandraWriteRequest	1000	4	9000.0	1931	0.492810731074894	9000.0	1965	0.5014878749674607	9.0	22289	5.688378241806479	36.0	0	0.0	36.0	0	0.0
CassandraWriteRequest	1000	5	11000.0	2000	0.5104202289745148	11000.0	2000	0.5104202289745148	11.0	16732	4.27017563560079	44.0	0	0.0	44.0	0	0.0
CassandraWriteRequest	1000	6	13000.0	2000	0.5104202289745148	13000.0	1987	0.5071024974861804	13.0	13221	3.37413292363603	52.0	0	0.0	52.0	0	0.0
CassandraWriteRequest	1000	7	15000.0	1981	0.5055712367992569	15000.0	1988	0.5073577076006677	15.0	10253	2.61666930383785	60.0	0	0.0	60.0	0	0.0
CassandraWriteRequest	1000	8	17000.0	1937	0.49434199176181753	17000.0	1939	0.49485241199079205	17.0	8245	2.104207393947437	68.0	0	0.0	68.0	0	0.0
CassandraWriteRequest	1000	9	19000.0	1994	0.5088889682875912	19000.0	1995	0.5091441784020785	19.0	6749	1.7224130626745	76.0	0	0.0	76.0	0	0.0
CassandraWriteRequest	1000	10	21000.0	1997	0.509654598631053	21000.0	2000	0.5104202289745148	21.0	5617	1.4335152130749247	84.0	0	0.0	84.0	0	0.0
CassandraWriteRequest	1000	11	23000.0	2000	0.5104202289745148	23000.0	1989	0.5076129177151549	23.0	4947	1.2625244363684622	92.0	0	0.0	92.0	0	0.0
CassandraWriteRequest	1000	12	25000.0	1988	0.5073577076006677	25000.0	1994	0.5088889682875912	25.0	4249	1.0843877764563565	100.0	0	0.0	100.0	0	0.0
CassandraWriteRequest	1000	13	27000.0	1941	0.49536283221976657	27000.0	1945	0.4963836726777156	27.0	3511	0.8960427119647606	108.0	0	0.0	108.0	0	0.0
CassandraWriteRequest	1000	14	29000.0	1857	0.47392518260283695	29000.0	1855	0.47341476237386243	29.0	3107	0.7929378257119086	116.0	0	0.0	116.0	0	0.0
CassandraWriteRequest	1000	15	31000.0	1993	0.508633758173104	31000.0	1989	0.5076129177151549	31.0	2911	0.7429166432724061	124.0	0	0.0	124.0	0	0.0
CassandraWriteRequest	1000	16	33000.0	1931	0.492810731074894	33000.0	1930	0.4925555209604067	33.0	2596	0.6625254572089201	132.0	0	0.0	132.0	0	0.0
CassandraWriteRequest	1000	17	35000.0	1983	0.5060816570282314	35000.0	1991	0.5081233379441294	35.0	2221	0.5668216642761986	140.0	0	0.0	140.0	0	0.0
CassandraWriteRequest	1000	18	37000.0	1992	0.5083785480586167	37000.0	1991	0.5081233379441294	37.0	1990	0.5078681278296422	148.0	0	0.0	148.0	0	0.0
CassandraWriteRequest	1000	19	39000.0	1999	0.5101650188600275	39000.0	1998	0.5099098087455403	39.0	1832	0.4675449297406555	156.0	0	0.0	156.0	0	0.0
CassandraWriteRequest	1000	20	41000.0	1998	0.5099098087455403	41000.0	2000	0.5104202289745148	41.0	1888	0.4818366961519419	164.0	0	0.0	164.0	0	0.0
CassandraWriteRequest	1000	21	43000.0	2000	0.5104202289745148	43000.0	1995	0.5091441784020785	43.0	1674	0.4272217316516688	172.0	0	0.0	172.0	0	0.0
CassandraWriteRequest	1000	22	45000.0	1991	0.5081233379441294	45000.0	1984	0.5063368671427186	45.0	1383	0.3529555883358769	180.0	0	0.0	180.0	0	0.0
CassandraWriteRequest	1000	23	47000.0	1911	0.4877065287851488	47000.0	1923	0.4907690501589959	47.0	1193	0.30446566658329804	188.0	0	0.0	188.0	0	0.0
CassandraWriteRequest	1000	24	49000.0	2000	0.5104202289745148	49000.0	2000	0.5104202289745148	49.0	1098	0.2802207057070086	196.0	0	0.0	196.0	0	0.0
CassandraWriteRequest	1000	25	51000.0	1778	0.4537635835583436	51000.0	1733	0.44227912840641703	51.0	1007	0.25699658528866814	204.0	0	0.0	204.0	0	0.0
CassandraWriteRequest	1000	26	53000.0	1951	0.4979149333646391	53000.0	1996	0.5093993885165657	53.0	917	0.234027674984815	212.0	0	0.0	212.0	0	0.0
CassandraWriteRequest	1000	27	55000.0	1994	0.5088889682875912	55000.0	1988	0.5073577076006677	55.0	875	0.2233088501763502	220.0	0	0.0	220.0	0	0.0
CassandraWriteRequest	1000	28	57000.0	1962	0.500722244623999	57000.0	1968	0.5022535053109225	57.0	816	0.208251453421602	228.0	0	0.0	228.0	0	0.0
CassandraWriteRequest	1000	29	59000.0	2000	0.5104202289745148	59000.0	1996	0.5093993885165657	59.0	711	0.18145439140043998	236.0	0	0.0	236.0	0	0.0
CassandraWriteRequest	1000	30	61000.0	1978	0.5048056064557951	61000.0	1979	0.5050608165702823	61.0	689	0.17583976888172032	244.0	0	0.0	244.0	0	0.0
CassandraWriteRequest	1000	31	63000.0	1994	0.5088889682875912	63000.0	1997	0.509654598631053	63.0	639	0.16307926315735746	252.0	0	0.0	252.0	0	0.0
CassandraWriteRequest	1000	32	65000.0	1995	0.5091441784020785	65000.0	1967	0.5019982951964352	65.0	607	0.1549125394937652	260.0	0	0.0	260.0	0	0.0
CassandraWriteRequest	1000	33	67000.0	1952	0.49817014347912636	67000.0	1979	0.5050608165702823	67.0	507	0.12939152804503948	268.0	0	0.0	268.0	0	0.0
CassandraWriteRequest	1000	34	69000.0	1995	0.5091441784020785	69000.0	1996	0.5093993885165657	69.0	507	0.12939152804503948	276.0	0	0.0	276.0	0	0.0
CassandraWriteRequest	1000	35	71000.0	1997	0.509654598631053	71000.0	1977	0.5045503963413078	71.0	464	0.11841749312208742	284.0	0	0.0	284.0	0	0.0
CassandraWriteRequest	1000	36	73000.0	1963	0.5009774547384862	73000.0	1919	0.4897482097010469	73.0	475	0.12122480438144725	292.0	0	0.0	292.0	0	0.0
CassandraWriteRequest	1000	37	75000.0	1890	0.48234711638091643	75000.0	1946	0.4966388827922028	75.0	442	0.11280287060336776	300.0	0	0.0	300.0	0	0.0
CassandraWriteRequest	1000	38	77000.0	1985	0.5065920772572059	77000.0	1990	0.5078681278296422	77.0	407	0.10387051659631374	308.0	0	0.0	308.0	0	0.0
CassandraWriteRequest	1000	39	79000.0	1996	0.5093993885165657	79000.0	1999	0.5101650188600275	79.0	385	0.09825589407759408	316.0	0	0.0	316.0	0	0.0
CassandraWriteRequest	1000	40	81000.0	1959	0.49995661428053717	81000.0	1949	0.4974045131356646	81.0	372	0.09493816258925974	324.0	0	0.0	324.0	0	0.0
CassandraWriteRequest	1000	41	83000.0	1990	0.5078681278296422	83000.0	1986	0.5068472873716932	83.0	392	0.10004236487900489	332.0	0	0.0	332.0	0	0.0
CassandraWriteRequest	1000	42	85000.0	1931	0.492810731074894	85000.0	1942	0.4956180423342538	85.0	305	0.0778390849186135	340.0	0	0.0	340.0	0	0.0
CassandraWriteRequest	1000	43	87000.0	1957	0.49944619405156265	87000.0	1960	0.5002118243950244	87.0	352	0.0898339602995146	348.0	0	0.0	348.0	0	0.0
CassandraWriteRequest	1000	44	89000.0	1982	0.5058264469137441	89000.0	1960	0.5002118243950244	89.0	314	0.08013597594899881	356.0	0	0.0	356.0	0	0.0
CassandraWriteRequest	1000	45	91000.0	1836	0.4685657701986045	91000.0	1848	0.4716282915724516	91.0	308	0.07860471526207527	364.0	0	0.0	364.0	0	0.0
CassandraWriteRequest	1000	46	93000.0	1955	0.49893577382258814	93000.0	1965	0.5014878749674607	93.0	302	0.07707345457515173	372.0	0	0.0	372.0	0	0.0
CassandraWriteRequest	1000	47	95000.0	2000	0.5104202289745148	95000.0	1988	0.5073577076006677	95.0	293	0.0747765635447664	380.0	0	0.0	380.0	0	0.0
CassandraWriteRequest	1000	48	97000.0	1914	0.4884721591286106	97000.0	1926	0.4915346805024577	97.0	208	0.05308370381334953	388.0	0	0.0	388.0	0	0.0
CassandraWriteRequest	1000	49	99000.0	1968	0.5022535053109225	99000.0	1962	0.500722244623999	99.0	247	0.06303689827835257	396.0	0	0.0	396.0	0	0.0
CassandraWriteRequest	1000	50	101000.0	1975	0.5040399761123333	101000.0	1980	0.5053160266847696	101.0	212	0.054104544271298564	404.0	0	0.0	404.0	0	0.0
CassandraWriteRequest	1000	51	103000.0	1975	0.5040399761123333	103000.0	1968	0.5022535053109225	103.0	211	0.053849334156811306	412.0	0	0.0	412.0	0	0.0
CassandraWriteRequest	1000	52	105000.0	1986	0.5068472873716932	105000.0	1977	0.5045503963413078	105.0	177	0.04517219026424455	420.0	0	0.0	420.0	0	0.0
CassandraWriteRequest	1000	53	107000.0	1932	0.49306594118938124	107000.0	1935	0.493831571532843	107.0	115	0.029349163166034597	428.0	0	0.0	428.0	0	0.0
CassandraWriteRequest	1000	54	109000.0	1986	0.5068472873716932	109000.0	2000	0.5104202289745148	109.0	111	0.02832832270808557	436.0	0	0.0	436.0	0	0.0
CassandraWriteRequest	1000	55	111000.0	1994	0.5088889682875912	111000.0	1989	0.5076129177151549	111.0	64	0.01633344732718447	444.0	0	0.0	444.0	0	0.0
CassandraWriteRequest	1000	56	113000.0	1995	0.5091441784020785	113000.0	2000	0.5104202289745148	113.0	82	0.020927229387955104	452.0	0	0.0	452.0	0	0.0
CassandraWriteRequest	1000	57	115000.0	2000	0.5104202289745148	115000.0	1998	0.5099098087455403	115.0	88	0.02245849007487865	460.0	0	0.0	460.0	0	0.0
CassandraWriteRequest	1000	58	117000.0	1992	0.5083785480586167	117000.0	1992	0.5083785480586167	117.0	59	0.015057396754748185	468.0	0	0.0	468.0	0	0.0
CassandraWriteRequest	1000	59	119000.0	1996	0.5093993885165657	119000.0	1998	0.5099098087455403	119.0	58	0.014802186640260928	476.0	0	0.0	476.0	0	0.0
CassandraWriteRequest	1000	60	121000.0	1978	0.5048056064557951	121000.0	1914	0.4884721591286106	121.0	48	0.012250085495388353	484.0	0	0.0	484.0	0	0.0
CassandraWriteRequest	1000	61	123000.0	1927	0.49178989061694495	123000.0	1991	0.5081233379441294	123.0	30	0.007656303434617721	492.0	0	0.0	492.0	0	0.0
CassandraWriteRequest	1000	62	125000.0	1971	0.5030191356543843	125000.0	1965	0.5014878749674607	125.0	37	0.009442774236028522	500.0	0	0.0	500.0	0	0.0
CassandraWriteRequest	1000	63	127000.0	1805	0.46065425664949955	127000.0	1780	0.45427400378731814	127.0	50	0.012760505724362868	508.0	0	0.0	508.0	0	0.0
CassandraWriteRequest	1000	64	129000.0	1952	0.49817014347912636	129000.0	1976	0.5042951862268206	129.0	22	0.005614622518719662	516.0	0	0.0	516.0	0	0.0
CassandraWriteRequest	1000	65	131000.0	1946	0.4966388827922028	131000.0	1951	0.4979149333646391	131.0	55	0.014036556296799155	524.0	0	0.0	524.0	0	0.0
CassandraWriteRequest	1000	66	133000.0	1998	0.5099098087455403	133000.0	1983	0.5060816570282314	133.0	38	0.00969798435051578	532.0	0	0.0	532.0	0	0.0
CassandraWriteRequest	1000	67	135000.0	1978	0.5048056064557951	135000.0	1995	0.5091441784020785	135.0	36	0.009187564121541265	540.0	0	0.0	540.0	0	0.0
CassandraWriteRequest	1000	68	137000.0	1992	0.5083785480586167	137000.0	1938	0.4945972018763048	137.0	22	0.005614622518719662	548.0	0	0.0	548.0	0	0.0
CassandraWriteRequest	1000	69	139000.0	1899	0.48464400741130176	139000.0	1951	0.4979149333646391	139.0	10	0.0025521011448725738	556.0	0	0.0	556.0	0	0.0
CassandraWriteRequest	1000	70	141000.0	1996	0.5093993885165657	141000.0	1997	0.509654598631053	141.0	14	0.003572941602821603	564.0	0	0.0	564.0	0	0.0
CassandraWriteRequest	1000	71	143000.0	1999	0.5101650188600275	143000.0	1993	0.508633758173104	143.0	11	0.002807311259359831	572.0	0	0.0	572.0	0	0.0
CassandraWriteRequest	1000	72	145000.0	1984	0.5063368671427186	145000.0	1986	0.5068472873716932	145.0	26	0.006635462976668691	580.0	0	0.0	580.0	0	0.0
CassandraWriteRequest	1000	73	147000.0	1956	0.4991909839370754	147000.0	1934	0.49357636141835576	147.0	8	0.002041680915898059	588.0	0	0.0	588.0	0	0.0
CassandraWriteRequest	1000	74	149000.0	1973	0.5035295558833588	149000.0	2000	0.5104202289745148	149.0	10	0.0025521011448725738	596.0	0	0.0	596.0	0	0.0
CassandraWriteRequest	1000	75	151000.0	2000	0.5104202289745148	151000.0	1997	0.509654598631053	151.0	22	0.005614622518719662	604.0	0	0.0	604.0	0	0.0
CassandraWriteRequest	1000	76	153000.0	1997	0.509654598631053	153000.0	2000	0.5104202289745148	153.0	14	0.003572941602821603	612.0	0	0.0	612.0	0	0.0
CassandraWriteRequest	1000	77	155000.0	2000	0.5104202289745148	155000.0	2000	0.5104202289745148	155.0	22	0.005614622518719662	620.0	0	0.0	620.0	0	0.0
CassandraWriteRequest	1000	78	157000.0	1715	0.4376853463456464	157000.0	1690	0.43130509348346496	157.0	12	0.003062521373847088	628.0	0	0.0	628.0	0	0.0
CassandraWriteRequest	1000	79	159000.0	1970	0.502763925539897	159000.0	1994	0.5088889682875912	159.0	18	0.004593782060770633	636.0	0	0.0	636.0	0	0.0
CassandraWriteRequest	1000	80	161000.0	1997	0.509654598631053	161000.0	1992	0.5083785480586167	161.0	16	0.004083361831796118	644.0	0	0.0	644.0	0	0.0
CassandraWriteRequest	1000	81	163000.0	1955	0.49893577382258814	163000.0	1958	0.4997014041660499	163.0	5	0.0012760505724362869	652.0	0	0.0	652.0	0	0.0
CassandraWriteRequest	1000	82	165000.0	1967	0.5019982951964352	165000.0	1942	0.4956180423342538	165.0	12	0.003062521373847088	660.0	0	0.0	660.0	0	0.0
CassandraWriteRequest	1000	83	167000.0	1832	0.4675449297406555	167000.0	1797	0.4586125757336015	167.0	7	0.0017864708014108015	668.0	0	0.0	668.0	0	0.0
CassandraWriteRequest	1000	84	169000.0	1936	0.4940867816473303	169000.0	1985	0.5065920772572059	169.0	11	0.002807311259359831	676.0	0	0.0	676.0	0	0.0
CassandraWriteRequest	1000	85	171000.0	1975	0.5040399761123333	171000.0	1979	0.5050608165702823	171.0	17	0.004338571946283375	684.0	0	0.0	684.0	0	0.0
CassandraWriteRequest	1000	86	173000.0	1980	0.5053160266847696	173000.0	1990	0.5078681278296422	173.0	20	0.0051042022897451475	692.0	0	0.0	692.0	0	0.0
CassandraWriteRequest	1000	87	175000.0	2000	0.5104202289745148	175000.0	1995	0.5091441784020785	175.0	23	0.005869832633206919	700.0	0	0.0	700.0	0	0.0
CassandraWriteRequest	1000	88	177000.0	1989	0.5076129177151549	177000.0	1950	0.49765972325015184	177.0	17	0.004338571946283375	708.0	0	0.0	708.0	0	0.0
CassandraWriteRequest	1000	89	179000.0	1955	0.49893577382258814	179000.0	1999	0.5101650188600275	179.0	16	0.004083361831796118	716.0	0	0.0	716.0	0	0.0
CassandraWriteRequest	1000	90	181000.0	1953	0.4984253535936136	181000.0	1889	0.48209190626642917	181.0	8	0.002041680915898059	724.0	0	0.0	724.0	0	0.0
CassandraWriteRequest	1000	91	183000.0	1929	0.49230031084591946	183000.0	1992	0.5083785480586167	183.0	2	5.104202289745147E-4	732.0	0	0.0	732.0	0	0.0
CassandraWriteRequest	1000	92	185000.0	1999	0.5101650188600275	185000.0	1999	0.5101650188600275	185.0	5	0.0012760505724362869	740.0	0	0.0	740.0	0	0.0
CassandraWriteRequest	1000	93	187000.0	1997	0.509654598631053	187000.0	1997	0.509654598631053	187.0	1	2.5521011448725737E-4	748.0	0	0.0	748.0	0	0.0
CassandraWriteRequest	1000	94	189000.0	1965	0.5014878749674607	189000.0	1902	0.48540963775476353	189.0	1	2.5521011448725737E-4	756.0	0	0.0	756.0	0	0.0
CassandraWriteRequest	1000	95	191000.0	1917	0.48923778947207236	191000.0	1981	0.5055712367992569	191.0	4	0.0010208404579490295	764.0	0	0.0	764.0	0	0.0
CassandraWriteRequest	1000	96	193000.0	2000	0.5104202289745148	193000.0	2000	0.5104202289745148	193.0	4	0.0010208404579490295	772.0	0	0.0	772.0	0	0.0
CassandraWriteRequest	1000	97	195000.0	2000	0.5104202289745148	195000.0	2000	0.5104202289745148	195.0	4	0.0010208404579490295	780.0	0	0.0	780.0	0	0.0
CassandraWriteRequest	1000	98	197000.0	1811	0.4621855173364231	197000.0	1750	0.4466177003527004	197.0	2	5.104202289745147E-4	788.0	0	0.0	788.0	0	0.0
CassandraWriteRequest	1000	99	199000.0	1935	0.493831571532843	199000.0	1985	0.5065920772572059	199.0	8	0.002041680915898059	796.0	0	0.0	796.0	0	0.0
CassandraWriteRequest	1000	100	201000.0	1981	0.5055712367992569	201000.0	1992	0.5083785480586167	201.0	9	0.0022968910303853163	804.0	0	0.0	804.0	0	0.0
CassandraWriteRequest	1000	101	203000.0	1994	0.5088889682875912	203000.0	1992	0.5083785480586167	203.0	18	0.004593782060770633	812.0	0	0.0	812.0	0	0.0
CassandraWriteRequest	1000	102	205000.0	1997	0.509654598631053	205000.0	1999	0.5101650188600275	205.0	8	0.002041680915898059	820.0	0	0.0	820.0	0	0.0
CassandraWriteRequest	1000	103	207000.0	1990	0.5078681278296422	207000.0	1990	0.5078681278296422	207.0	17	0.004338571946283375	828.0	0	0.0	828.0	0	0.0
CassandraWriteRequest	1000	104	209000.0	2000	0.5104202289745148	209000.0	2000	0.5104202289745148	209.0	2	5.104202289745147E-4	836.0	0	0.0	836.0	0	0.0
CassandraWriteRequest	1000	105	211000.0	2000	0.5104202289745148	211000.0	1983	0.5060816570282314	211.0	2	5.104202289745147E-4	844.0	0	0.0	844.0	0	0.0
CassandraWriteRequest	1000	106	213000.0	1983	0.5060816570282314	213000.0	2000	0.5104202289745148	213.0	0	0.0	852.0	0	0.0	852.0	0	0.0
CassandraWriteRequest	1000	107	215000.0	2000	0.5104202289745148	215000.0	2000	0.5104202289745148	215.0	3	7.65630343461772E-4	860.0	0	0.0	860.0	0	0.0
CassandraWriteRequest	1000	108	217000.0	1847	0.47137308145796436	217000.0	1783	0.45503963413077986	217.0	6	0.001531260686923544	868.0	0	0.0	868.0	0	0.0
CassandraWriteRequest	1000	109	219000.0	1931	0.492810731074894	219000.0	1995	0.5091441784020785	219.0	2	5.104202289745147E-4	876.0	0	0.0	876.0	0	0.0
CassandraWriteRequest	1000	110	221000.0	2000	0.5104202289745148	221000.0	2000	0.5104202289745148	221.0	1	2.5521011448725737E-4	884.0	0	0.0	884.0	0	0.0
CassandraWriteRequest	1000	111	223000.0	1984	0.5063368671427186	223000.0	1977	0.5045503963413078	223.0	1	2.5521011448725737E-4	892.0	0	0.0	892.0	0	0.0
CassandraWriteRequest	1000	112	225000.0	1991	0.5081233379441294	225000.0	1998	0.5099098087455403	225.0	3	7.65630343461772E-4	900.0	0	0.0	900.0	0	0.0
CassandraWriteRequest	1000	113	227000.0	1968	0.5022535053109225	227000.0	1946	0.4966388827922028	227.0	1	2.5521011448725737E-4	908.0	0	0.0	908.0	0	0.0
CassandraWriteRequest	1000	114	229000.0	1978	0.5048056064557951	229000.0	2000	0.5104202289745148	229.0	0	0.0	916.0	0	0.0	916.0	0	0.0
CassandraWriteRequest	1000	115	231000.0	1971	0.5030191356543843	231000.0	1955	0.49893577382258814	231.0	0	0.0	924.0	0	0.0	924.0	0	0.0
CassandraWriteRequest	1000	116	233000.0	1984	0.5063368671427186	233000.0	2000	0.5104202289745148	233.0	2	5.104202289745147E-4	932.0	0	0.0	932.0	0	0.0
CassandraWriteRequest	1000	117	235000.0	2000	0.5104202289745148	235000.0	2000	0.5104202289745148	235.0	2	5.104202289745147E-4	940.0	0	0.0	940.0	0	0.0
CassandraWriteRequest	1000	118	237000.0	1966	0.501743085081948	237000.0	1934	0.49357636141835576	237.0	2	5.104202289745147E-4	948.0	0	0.0	948.0	0	0.0
CassandraWriteRequest	1000	119	239000.0	1966	0.501743085081948	239000.0	1971	0.5030191356543843	239.0	1	2.5521011448725737E-4	956.0	0	0.0	956.0	0	0.0
CassandraWriteRequest	1000	120	241000.0	1959	0.49995661428053717	241000.0	1982	0.5058264469137441	241.0	3	7.65630343461772E-4	964.0	0	0.0	964.0	0	0.0
CassandraWriteRequest	1000	121	243000.0	1993	0.508633758173104	243000.0	1997	0.509654598631053	243.0	2	5.104202289745147E-4	972.0	0	0.0	972.0	0	0.0
CassandraWriteRequest	1000	122	245000.0	1989	0.5076129177151549	245000.0	1984	0.5063368671427186	245.0	1	2.5521011448725737E-4	980.0	0	0.0	980.0	0	0.0
CassandraWriteRequest	1000	123	247000.0	1916	0.4889825793575851	247000.0	1899	0.48464400741130176	247.0	0	0.0	988.0	0	0.0	988.0	0	0.0
CassandraWriteRequest	1000	124	249000.0	1974	0.503784765997846	249000.0	1994	0.5088889682875912	249.0	1	2.5521011448725737E-4	996.0	0	0.0	996.0	0	0.0
CassandraWriteRequest	1000	125	251000.0	1939	0.49485241199079205	251000.0	1878	0.4792845950070693	251.0	2	5.104202289745147E-4	1004.0	0	0.0	1004.0	0	0.0
CassandraWriteRequest	1000	126	253000.0	1858	0.4741803927173242	253000.0	1912	0.48796173889963607	253.0	1	2.5521011448725737E-4	1012.0	0	0.0	1012.0	0	0.0
CassandraWriteRequest	1000	127	255000.0	1968	0.5022535053109225	255000.0	1977	0.5045503963413078	255.0	3	7.65630343461772E-4	1020.0	0	0.0	1020.0	0	0.0
CassandraWriteRequest	1000	128	257000.0	1998	0.5099098087455403	257000.0	1995	0.5091441784020785	257.0	1	2.5521011448725737E-4	1028.0	0	0.0	1028.0	0	0.0
CassandraWriteRequest	1000	129	259000.0	1982	0.5058264469137441	259000.0	1980	0.5053160266847696	259.0	0	0.0	1036.0	0	0.0	1036.0	0	0.0
CassandraWriteRequest	1000	130	261000.0	1992	0.5083785480586167	261000.0	1997	0.509654598631053	261.0	0	0.0	1044.0	0	0.0	1044.0	0	0.0
CassandraWriteRequest	1000	131	263000.0	1999	0.5101650188600275	263000.0	1999	0.5101650188600275	263.0	2	5.104202289745147E-4	1052.0	0	0.0	1052.0	0	0.0
CassandraWriteRequest	1000	132	265000.0	1938	0.4945972018763048	265000.0	1902	0.48540963775476353	265.0	0	0.0	1060.0	0	0.0	1060.0	0	0.0
CassandraWriteRequest	1000	133	267000.0	1845	0.47086266122898984	267000.0	1881	0.4800502253505311	267.0	0	0.0	1068.0	0	0.0	1068.0	0	0.0
CassandraWriteRequest	1000	134	269000.0	2000	0.5104202289745148	269000.0	2000	0.5104202289745148	269.0	0	0.0	1076.0	0	0.0	1076.0	0	0.0
CassandraWriteRequest	1000	135	271000.0	1996	0.5093993885165657	271000.0	1993	0.508633758173104	271.0	0	0.0	1084.0	0	0.0	1084.0	0	0.0
CassandraWriteRequest	1000	136	273000.0	1997	0.509654598631053	273000.0	1996	0.5093993885165657	273.0	0	0.0	1092.0	0	0.0	1092.0	0	0.0
CassandraWriteRequest	1000	137	275000.0	1996	0.5093993885165657	275000.0	2000	0.5104202289745148	275.0	0	0.0	1100.0	0	0.0	1100.0	0	0.0
CassandraWriteRequest	1000	138	277000.0	1988	0.5073577076006677	277000.0	1983	0.5060816570282314	277.0	0	0.0	1108.0	0	0.0	1108.0	0	0.0
CassandraWriteRequest	1000	139	279000.0	1995	0.5091441784020785	279000.0	2000	0.5104202289745148	279.0	1	2.5521011448725737E-4	1116.0	0	0.0	1116.0	0	0.0
CassandraWriteRequest	1000	140	281000.0	1996	0.5093993885165657	281000.0	1995	0.5091441784020785	281.0	0	0.0	1124.0	0	0.0	1124.0	0	0.0
CassandraWriteRequest	1000	141	283000.0	1999	0.5101650188600275	283000.0	2000	0.5104202289745148	283.0	0	0.0	1132.0	0	0.0	1132.0	0	0.0
CassandraWriteRequest	1000	142	285000.0	1961	0.5004670345095117	285000.0	1960	0.5002118243950244	285.0	0	0.0	1140.0	0	0.0	1140.0	0	0.0
CassandraWriteRequest	1000	143	287000.0	1984	0.5063368671427186	287000.0	1984	0.5063368671427186	287.0	2	5.104202289745147E-4	1148.0	0	0.0	1148.0	0	0.0
CassandraWriteRequest	1000	144	289000.0	1899	0.48464400741130176	289000.0	1871	0.4774981242056585	289.0	0	0.0	1156.0	0	0.0	1156.0	0	0.0
CassandraWriteRequest	1000	145	291000.0	1886	0.4813262759229674	291000.0	1890	0.48234711638091643	291.0	0	0.0	1164.0	0	0.0	1164.0	0	0.0
CassandraWriteRequest	1000	146	293000.0	1975	0.5040399761123333	293000.0	2000	0.5104202289745148	293.0	0	0.0	1172.0	0	0.0	1172.0	0	0.0
CassandraWriteRequest	1000	147	295000.0	1996	0.5093993885165657	295000.0	1996	0.5093993885165657	295.0	0	0.0	1180.0	0	0.0	1180.0	0	0.0
CassandraWriteRequest	1000	148	297000.0	2000	0.5104202289745148	297000.0	1953	0.4984253535936136	297.0	0	0.0	1188.0	0	0.0	1188.0	0	0.0
CassandraWriteRequest	1000	149	299000.0	1893	0.4831127467243782	299000.0	1940	0.4951076221052793	299.0	0	0.0	1196.0	0	0.0	1196.0	0	0.0
CassandraWriteRequest	1000	150	301000.0	1952	0.49817014347912636	301000.0	1889	0.48209190626642917	301.0	0	0.0	1204.0	0	0.0	1204.0	0	0.0
CassandraWriteRequest	1000	151	303000.0	1915	0.48872736924309784	303000.0	1968	0.5022535053109225	303.0	0	0.0	1212.0	0	0.0	1212.0	0	0.0
CassandraWriteRequest	1000	152	305000.0	1975	0.5040399761123333	305000.0	1982	0.5058264469137441	305.0	3	7.65630343461772E-4	1220.0	0	0.0	1220.0	0	0.0
CassandraWriteRequest	1000	153	307000.0	1990	0.5078681278296422	307000.0	1989	0.5076129177151549	307.0	0	0.0	1228.0	0	0.0	1228.0	0	0.0
CassandraWriteRequest	1000	154	309000.0	1996	0.5093993885165657	309000.0	1998	0.5099098087455403	309.0	1	2.5521011448725737E-4	1236.0	0	0.0	1236.0	0	0.0
CassandraWriteRequest	1000	155	311000.0	1974	0.503784765997846	311000.0	1966	0.501743085081948	311.0	0	0.0	1244.0	0	0.0	1244.0	0	0.0
CassandraWriteRequest	1000	156	313000.0	1929	0.49230031084591946	313000.0	1929	0.49230031084591946	313.0	0	0.0	1252.0	0	0.0	1252.0	0	0.0
CassandraWriteRequest	1000	157	315000.0	1976	0.5042951862268206	315000.0	1986	0.5068472873716932	315.0	2	5.104202289745147E-4	1260.0	0	0.0	1260.0	0	0.0
CassandraWriteRequest	1000	158	317000.0	1986	0.5068472873716932	317000.0	1924	0.49102426027348317	317.0	0	0.0	1268.0	0	0.0	1268.0	0	0.0
CassandraWriteRequest	1000	159	319000.0	1861	0.474946023060786	319000.0	1923	0.4907690501589959	319.0	0	0.0	1276.0	0	0.0	1276.0	0	0.0
CassandraWriteRequest	1000	160	321000.0	2000	0.5104202289745148	321000.0	2000	0.5104202289745148	321.0	2	5.104202289745147E-4	1284.0	0	0.0	1284.0	0	0.0
CassandraWriteRequest	1000	161	323000.0	1987	0.5071024974861804	323000.0	1987	0.5071024974861804	323.0	0	0.0	1292.0	0	0.0	1292.0	0	0.0
CassandraWriteRequest	1000	162	325000.0	1999	0.5101650188600275	325000.0	1999	0.5101650188600275	325.0	0	0.0	1300.0	0	0.0	1300.0	0	0.0
CassandraWriteRequest	1000	163	327000.0	1990	0.5078681278296422	327000.0	1948	0.4971493030211773	327.0	0	0.0	1308.0	0	0.0	1308.0	0	0.0
CassandraWriteRequest	1000	164	329000.0	1958	0.4997014041660499	329000.0	2000	0.5104202289745148	329.0	0	0.0	1316.0	0	0.0	1316.0	0	0.0
CassandraWriteRequest	1000	165	331000.0	1997	0.509654598631053	331000.0	1994	0.5088889682875912	331.0	0	0.0	1324.0	0	0.0	1324.0	0	0.0
CassandraWriteRequest	1000	166	333000.0	1996	0.5093993885165657	333000.0	1997	0.509654598631053	333.0	0	0.0	1332.0	0	0.0	1332.0	0	0.0
CassandraWriteRequest	1000	167	335000.0	1998	0.5099098087455403	335000.0	1976	0.5042951862268206	335.0	0	0.0	1340.0	0	0.0	1340.0	0	0.0
CassandraWriteRequest	1000	168	337000.0	1793	0.45759173527565244	337000.0	1754	0.4476385408106494	337.0	0	0.0	1348.0	0	0.0	1348.0	0	0.0
CassandraWriteRequest	1000	169	339000.0	1872	0.4777533343201458	339000.0	1932	0.49306594118938124	339.0	0	0.0	1356.0	0	0.0	1356.0	0	0.0
CassandraWriteRequest	1000	170	341000.0	1957	0.49944619405156265	341000.0	1954	0.4986805637081009	341.0	1	2.5521011448725737E-4	1364.0	0	0.0	1364.0	0	0.0
CassandraWriteRequest	1000	171	343000.0	1965	0.5014878749674607	343000.0	1969	0.5025087154254098	343.0	0	0.0	1372.0	0	0.0	1372.0	0	0.0
CassandraWriteRequest	1000	172	345000.0	1971	0.5030191356543843	345000.0	1964	0.5012326648529735	345.0	2	5.104202289745147E-4	1380.0	0	0.0	1380.0	0	0.0
CassandraWriteRequest	1000	173	347000.0	1813	0.4626959375653976	347000.0	1822	0.46499282859578295	347.0	0	0.0	1388.0	0	0.0	1388.0	0	0.0
CassandraWriteRequest	1000	174	349000.0	1979	0.5050608165702823	349000.0	1975	0.5040399761123333	349.0	1	2.5521011448725737E-4	1396.0	0	0.0	1396.0	0	0.0
CassandraWriteRequest	1000	175	351000.0	1985	0.5065920772572059	351000.0	1937	0.49434199176181753	351.0	0	0.0	1404.0	0	0.0	1404.0	0	0.0
CassandraWriteRequest	1000	176	353000.0	1891	0.4826023264954037	353000.0	1930	0.4925555209604067	353.0	0	0.0	1412.0	0	0.0	1412.0	0	0.0
CassandraWriteRequest	1000	177	355000.0	1985	0.5065920772572059	355000.0	1978	0.5048056064557951	355.0	0	0.0	1420.0	0	0.0	1420.0	0	0.0
CassandraWriteRequest	1000	178	357000.0	1959	0.49995661428053717	357000.0	1979	0.5050608165702823	357.0	0	0.0	1428.0	0	0.0	1428.0	0	0.0
CassandraWriteRequest	1000	179	359000.0	1981	0.5055712367992569	359000.0	1980	0.5053160266847696	359.0	0	0.0	1436.0	0	0.0	1436.0	0	0.0
CassandraWriteRequest	1000	180	361000.0	1999	0.5101650188600275	361000.0	2000	0.5104202289745148	361.0	0	0.0	1444.0	0	0.0	1444.0	0	0.0
CassandraWriteRequest	1000	181	363000.0	2000	0.5104202289745148	363000.0	2000	0.5104202289745148	363.0	0	0.0	1452.0	0	0.0	1452.0	0	0.0
CassandraWriteRequest	1000	182	365000.0	2000	0.5104202289745148	365000.0	2000	0.5104202289745148	365.0	0	0.0	1460.0	0	0.0	1460.0	0	0.0
CassandraWriteRequest	1000	183	367000.0	1944	0.49612846256322835	367000.0	1944	0.49612846256322835	367.0	0	0.0	1468.0	0	0.0	1468.0	0	0.0
CassandraWriteRequest	1000	184	369000.0	1977	0.5045503963413078	369000.0	1975	0.5040399761123333	369.0	0	0.0	1476.0	0	0.0	1476.0	0	0.0
CassandraWriteRequest	1000	185	371000.0	1665	0.4249248406212835	371000.0	1614	0.4119091247824334	371.0	1	2.5521011448725737E-4	1484.0	0	0.0	1484.0	0	0.0
CassandraWriteRequest	1000	186	373000.0	1797	0.4586125757336015	373000.0	1840	0.46958661065655355	373.0	0	0.0	1492.0	0	0.0	1492.0	0	0.0
CassandraWriteRequest	1000	187	375000.0	1987	0.5071024974861804	375000.0	1989	0.5076129177151549	375.0	0	0.0	1500.0	0	0.0	1500.0	0	0.0
CassandraWriteRequest	1000	188	377000.0	1926	0.4915346805024577	377000.0	1934	0.49357636141835576	377.0	0	0.0	1508.0	0	0.0	1508.0	0	0.0
CassandraWriteRequest	1000	189	379000.0	1970	0.502763925539897	379000.0	1961	0.5004670345095117	379.0	0	0.0	1516.0	0	0.0	1516.0	0	0.0
CassandraWriteRequest	1000	190	381000.0	1954	0.4986805637081009	381000.0	1963	0.5009774547384862	381.0	0	0.0	1524.0	0	0.0	1524.0	0	0.0
CassandraWriteRequest	1000	191	383000.0	2000	0.5104202289745148	383000.0	2000	0.5104202289745148	383.0	0	0.0	1532.0	0	0.0	1532.0	0	0.0
CassandraWriteRequest	1000	192	385000.0	1963	0.5009774547384862	385000.0	1963	0.5009774547384862	385.0	1	2.5521011448725737E-4	1540.0	0	0.0	1540.0	0	0.0
CassandraWriteRequest	1000	193	387000.0	1967	0.5019982951964352	387000.0	1909	0.4871961085561743	387.0	0	0.0	1548.0	0	0.0	1548.0	0	0.0
CassandraWriteRequest	1000	194	389000.0	1897	0.48413358718232724	389000.0	1951	0.4979149333646391	389.0	0	0.0	1556.0	0	0.0	1556.0	0	0.0
CassandraWriteRequest	1000	195	391000.0	1906	0.4864304782127125	391000.0	1899	0.48464400741130176	391.0	0	0.0	1564.0	0	0.0	1564.0	0	0.0
CassandraWriteRequest	1000	196	393000.0	1986	0.5068472873716932	393000.0	1997	0.509654598631053	393.0	0	0.0	1572.0	0	0.0	1572.0	0	0.0
CassandraWriteRequest	1000	197	395000.0	1998	0.5099098087455403	395000.0	1998	0.5099098087455403	395.0	0	0.0	1580.0	0	0.0	1580.0	0	0.0
CassandraWriteRequest	1000	198	397000.0	1999	0.5101650188600275	397000.0	1999	0.5101650188600275	397.0	0	0.0	1588.0	0	0.0	1588.0	0	0.0
CassandraWriteRequest	1000	199	399000.0	1993	0.508633758173104	399000.0	1993	0.508633758173104	399.0	0	0.0	1596.0	0	0.0	1596.0	0	0.0
