'Request type'	'Load'	'Bucket'	'Start time'	'Absolute'	'Percent of requests'	'End time'	'Absolute'	'Percent of requests'	'Residence time'	'Absolute'	'Percent of requests'	'Theor. think time'	'Absolute'	'Percent of requests'	'Actual think time'	'Absolute'	'Percent of requests'
CassandraWriteRequest	1500	0	1000.0	2637	0.4522310580011627	1000.0	2573	0.44125540850852923	1.5	202783	34.77617392288577	4.5	583109	99.99999999999999	4.5	583109	99.99999999999999
CassandraWriteRequest	1500	1	3000.0	2343	0.4018116681443778	3000.0	2371	0.40661351479740493	4.5	139017	23.84065414870976	13.5	0	0.0	13.5	0	0.0
CassandraWriteRequest	1500	2	5000.0	2914	0.49973504096146687	5000.0	2936	0.5035079204745596	7.5	74780	12.824360454048898	22.5	0	0.0	22.5	0	0.0
CassandraWriteRequest	1500	3	7000.0	2913	0.49956354643814443	7000.0	2916	0.5000780300081117	10.5	44980	7.713823659041448	31.5	0	0.0	31.5	0	0.0
CassandraWriteRequest	1500	4	9000.0	2961	0.5077952835576196	9000.0	2959	0.5074522945109747	13.5	28891	4.9546482733073915	40.5	0	0.0	40.5	0	0.0
CassandraWriteRequest	1500	5	11000.0	2831	0.48550099552570786	11000.0	2826	0.48464352290909585	16.5	19721	3.382043494441005	49.5	0	0.0	49.5	0	0.0
CassandraWriteRequest	1500	6	13000.0	2904	0.4980200957282429	13000.0	2898	0.4969911285883085	19.5	14210	2.4369371764112713	58.5	0	0.0	58.5	0	0.0
CassandraWriteRequest	1500	7	15000.0	2958	0.5072807999876524	15000.0	2980	0.5110536795007451	22.5	10212	1.7513020721683252	67.5	0	0.0	67.5	0	0.0
CassandraWriteRequest	1500	8	17000.0	2983	0.5115681630707123	17000.0	2978	0.5107106904541003	25.5	7723	1.3244522036188773	76.5	0	0.0	76.5	0	0.0
CassandraWriteRequest	1500	9	19000.0	2982	0.5113966685473899	19000.0	2983	0.5115681630707123	28.5	5455	0.9355026247236794	85.5	0	0.0	85.5	0	0.0
CassandraWriteRequest	1500	10	21000.0	2980	0.5110536795007451	21000.0	2922	0.5011069971480461	31.5	4355	0.7468586490690419	94.5	0	0.0	94.5	0	0.0
CassandraWriteRequest	1500	11	23000.0	2931	0.5026504478579477	23000.0	2982	0.5113966685473899	34.5	3631	0.622696614183626	103.5	0	0.0	103.5	0	0.0
CassandraWriteRequest	1500	12	25000.0	2980	0.5110536795007451	25000.0	2989	0.5125971302106467	37.5	3079	0.5280316373096625	112.5	0	0.0	112.5	0	0.0
CassandraWriteRequest	1500	13	27000.0	2995	0.5136260973505811	27000.0	2998	0.5141405809205483	40.5	2896	0.4966481395416637	121.5	0	0.0	121.5	0	0.0
CassandraWriteRequest	1500	14	29000.0	2999	0.5143120754438707	29000.0	2998	0.5141405809205483	43.5	2377	0.4076424819373393	130.5	0	0.0	130.5	0	0.0
CassandraWriteRequest	1500	15	31000.0	2679	0.4594338279807034	31000.0	2617	0.4488011675347147	46.5	1844	0.31623590100650134	139.5	0	0.0	139.5	0	0.0
CassandraWriteRequest	1500	16	33000.0	2650	0.45446048680435386	33000.0	2651	0.4546319813276763	49.5	1443	0.24746659715421987	148.5	0	0.0	148.5	0	0.0
CassandraWriteRequest	1500	17	35000.0	2936	0.5035079204745596	35000.0	2998	0.5141405809205483	52.5	1403	0.24060681622132396	157.5	0	0.0	157.5	0	0.0
CassandraWriteRequest	1500	18	37000.0	2999	0.5143120754438707	37000.0	3000	0.514483569967193	55.5	1091	0.18710052494473586	166.5	0	0.0	166.5	0	0.0
CassandraWriteRequest	1500	19	39000.0	2997	0.5139690863972258	39000.0	2984	0.5117396575940347	58.5	1080	0.1852140851881895	175.5	0	0.0	175.5	0	0.0
CassandraWriteRequest	1500	20	41000.0	2978	0.5107106904541003	41000.0	2980	0.5110536795007451	61.5	919	0.15760346693328348	184.5	0	0.0	184.5	0	0.0
CassandraWriteRequest	1500	21	43000.0	2948	0.5055658547544284	43000.0	2959	0.5074522945109747	64.5	959	0.16446324786617939	193.5	0	0.0	193.5	0	0.0
CassandraWriteRequest	1500	22	45000.0	3000	0.514483569967193	45000.0	2983	0.5115681630707123	67.5	754	0.12930687058508786	202.5	0	0.0	202.5	0	0.0
CassandraWriteRequest	1500	23	47000.0	2974	0.5100247123608107	47000.0	2989	0.5125971302106467	70.5	595	0.10203924137682663	211.5	0	0.0	211.5	0	0.0
CassandraWriteRequest	1500	24	49000.0	2987	0.5122541411640019	49000.0	2987	0.5122541411640019	73.5	633	0.10855603326307774	220.5	0	0.0	220.5	0	0.0
CassandraWriteRequest	1500	25	51000.0	2619	0.44914415658135953	51000.0	2557	0.4385114961353709	76.5	503	0.08626174523116603	229.5	0	0.0	229.5	0	0.0
CassandraWriteRequest	1500	26	53000.0	2805	0.4810421379193255	53000.0	2812	0.4822425995825823	79.5	578	0.09912383448034587	238.5	0	0.0	238.5	0	0.0
CassandraWriteRequest	1500	27	55000.0	2910	0.49904906286817724	55000.0	2956	0.5069378109410075	82.5	554	0.09500796592060831	247.5	0	0.0	247.5	0	0.0
CassandraWriteRequest	1500	28	57000.0	2973	0.5098532178374883	57000.0	2979	0.5108821849774227	85.5	546	0.09363600973402914	256.5	0	0.0	256.5	0	0.0
CassandraWriteRequest	1500	29	59000.0	2978	0.5107106904541003	59000.0	2983	0.5115681630707123	88.5	432	0.0740856340752758	265.5	0	0.0	265.5	0	0.0
CassandraWriteRequest	1500	30	61000.0	2989	0.5125971302106467	61000.0	2953	0.5064233273710403	91.5	467	0.08008794239155972	274.5	0	0.0	274.5	0	0.0
CassandraWriteRequest	1500	31	63000.0	2613	0.44811518944142514	63000.0	2649	0.4542889922810315	94.5	458	0.07854449168165814	283.5	0	0.0	283.5	0	0.0
CassandraWriteRequest	1500	32	65000.0	3000	0.514483569967193	65000.0	3000	0.514483569967193	97.5	374	0.06413895172257673	292.5	0	0.0	292.5	0	0.0
CassandraWriteRequest	1500	33	67000.0	3000	0.514483569967193	67000.0	2998	0.5141405809205483	100.5	350	0.06002308316283919	301.5	0	0.0	301.5	0	0.0
CassandraWriteRequest	1500	34	69000.0	2954	0.5065948218943628	69000.0	2940	0.5041938985678492	103.5	293	0.05024789533346252	310.5	0	0.0	310.5	0	0.0
CassandraWriteRequest	1500	35	71000.0	2795	0.4793271926861015	71000.0	2747	0.47109545556662646	106.5	220	0.037728795130927494	319.5	0	0.0	319.5	0	0.0
CassandraWriteRequest	1500	36	73000.0	2848	0.4884164024221886	73000.0	2910	0.49904906286817724	109.5	267	0.045789037727080185	328.5	0	0.0	328.5	0	0.0
CassandraWriteRequest	1500	37	75000.0	2998	0.5141405809205483	75000.0	2995	0.5136260973505811	112.5	241	0.04133018012069784	337.5	0	0.0	337.5	0	0.0
CassandraWriteRequest	1500	38	77000.0	2979	0.5108821849774227	77000.0	2981	0.5112251740240675	115.5	160	0.02743912373158363	346.5	0	0.0	346.5	0	0.0
CassandraWriteRequest	1500	39	79000.0	2975	0.5101962068841331	79000.0	2973	0.5098532178374883	118.5	204	0.03498488275776913	355.5	0	0.0	355.5	0	0.0
CassandraWriteRequest	1500	40	81000.0	2968	0.5089957452208763	81000.0	2955	0.5067663164176852	121.5	199	0.03412741014115714	364.5	0	0.0	364.5	0	0.0
CassandraWriteRequest	1500	41	83000.0	2880	0.49390422716850535	83000.0	2891	0.4957906669250517	124.5	171	0.029325563488130004	373.5	0	0.0	373.5	0	0.0
CassandraWriteRequest	1500	42	85000.0	2990	0.5127686247339691	85000.0	2997	0.5139690863972258	127.5	176	0.030183036104741993	382.5	0	0.0	382.5	0	0.0
CassandraWriteRequest	1500	43	87000.0	2982	0.5113966685473899	87000.0	2960	0.5076237890342972	130.5	97	0.016634968762272575	391.5	0	0.0	391.5	0	0.0
CassandraWriteRequest	1500	44	89000.0	2957	0.50710930546433	89000.0	2966	0.5086527561742316	133.5	117	0.02006485922872053	400.5	0	0.0	400.5	0	0.0
CassandraWriteRequest	1500	45	91000.0	2920	0.5007640081014012	91000.0	2869	0.49201778741195895	136.5	62	0.010632660445988656	409.5	0	0.0	409.5	0	0.0
CassandraWriteRequest	1500	46	93000.0	2918	0.5004210190547564	93000.0	2982	0.5113966685473899	139.5	109	0.018692903042141346	418.5	0	0.0	418.5	0	0.0
CassandraWriteRequest	1500	47	95000.0	2998	0.5141405809205483	95000.0	2993	0.5132831083039363	142.5	76	0.013033583772502223	427.5	0	0.0	427.5	0	0.0
CassandraWriteRequest	1500	48	97000.0	2993	0.5132831083039363	97000.0	2998	0.5141405809205483	145.5	89	0.015263012575693393	436.5	0	0.0	436.5	0	0.0
CassandraWriteRequest	1500	49	99000.0	3000	0.514483569967193	99000.0	3000	0.514483569967193	148.5	67	0.011490133062600645	445.5	0	0.0	445.5	0	0.0
CassandraWriteRequest	1500	50	101000.0	2487	0.426506879502803	101000.0	2423	0.4155312300101696	151.5	77	0.013205078295824622	454.5	0	0.0	454.5	0	0.0
CassandraWriteRequest	1500	51	103000.0	2899	0.4971626231116309	103000.0	2948	0.5055658547544284	154.5	58	0.009946682352699066	463.5	0	0.0	463.5	0	0.0
CassandraWriteRequest	1500	52	105000.0	2964	0.5083097671275867	105000.0	2978	0.5107106904541003	157.5	61	0.010461165922666259	472.5	0	0.0	472.5	0	0.0
CassandraWriteRequest	1500	53	107000.0	2998	0.5141405809205483	107000.0	2996	0.5137975918739035	160.5	50	0.008574726166119885	481.5	0	0.0	481.5	0	0.0
CassandraWriteRequest	1500	54	109000.0	2997	0.5139690863972258	109000.0	3000	0.514483569967193	163.5	55	0.009432198782731873	490.5	0	0.0	490.5	0	0.0
CassandraWriteRequest	1500	55	111000.0	2986	0.5120826466406795	111000.0	2922	0.5011069971480461	166.5	74	0.01269059472585743	499.5	0	0.0	499.5	0	0.0
CassandraWriteRequest	1500	56	113000.0	2839	0.486872951712287	113000.0	2903	0.49784860120492047	169.5	51	0.008746220689442282	508.5	0	0.0	508.5	0	0.0
CassandraWriteRequest	1500	57	115000.0	3000	0.514483569967193	115000.0	3000	0.514483569967193	172.5	42	0.007202769979540703	517.5	0	0.0	517.5	0	0.0
CassandraWriteRequest	1500	58	117000.0	2996	0.5137975918739035	117000.0	2996	0.5137975918739035	175.5	62	0.010632660445988656	526.5	0	0.0	526.5	0	0.0
CassandraWriteRequest	1500	59	119000.0	2988	0.5124256356873242	119000.0	2974	0.5100247123608107	178.5	58	0.009946682352699066	535.5	0	0.0	535.5	0	0.0
CassandraWriteRequest	1500	60	121000.0	2606	0.4469147277781684	121000.0	2556	0.4383400016120485	181.5	55	0.009432198782731873	544.5	0	0.0	544.5	0	0.0
CassandraWriteRequest	1500	61	123000.0	2877	0.49338974359853816	123000.0	2933	0.5029934369045924	184.5	25	0.004287363083059942	553.5	0	0.0	553.5	0	0.0
CassandraWriteRequest	1500	62	125000.0	2989	0.5125971302106467	125000.0	2996	0.5137975918739035	187.5	19	0.003258395943125556	562.5	0	0.0	562.5	0	0.0
CassandraWriteRequest	1500	63	127000.0	2997	0.5139690863972258	127000.0	2994	0.5134546028272586	190.5	23	0.0039443740364151466	571.5	0	0.0	571.5	0	0.0
CassandraWriteRequest	1500	64	129000.0	2995	0.5136260973505811	129000.0	2997	0.5139690863972258	193.5	24	0.0041158685597375445	580.5	0	0.0	580.5	0	0.0
CassandraWriteRequest	1500	65	131000.0	2952	0.506251832847718	131000.0	2892	0.49596216144837413	196.5	25	0.004287363083059942	589.5	0	0.0	589.5	0	0.0
CassandraWriteRequest	1500	66	133000.0	2615	0.44845817848806996	133000.0	2639	0.4525740470478075	199.5	27	0.004630352129704737	598.5	0	0.0	598.5	0	0.0
CassandraWriteRequest	1500	67	135000.0	2851	0.4889308859921558	135000.0	2846	0.48807341337554383	202.5	29	0.004973341176349533	607.5	0	0.0	607.5	0	0.0
CassandraWriteRequest	1500	68	137000.0	2916	0.5000780300081117	137000.0	2956	0.5069378109410075	205.5	53	0.009089209736087078	616.5	0	0.0	616.5	0	0.0
CassandraWriteRequest	1500	69	139000.0	2902	0.4976771066815981	139000.0	2862	0.4908173257487022	208.5	57	0.009775187829376667	625.5	0	0.0	625.5	0	0.0
CassandraWriteRequest	1500	70	141000.0	2920	0.5007640081014012	141000.0	2916	0.5000780300081117	211.5	37	0.006345297362928715	634.5	0	0.0	634.5	0	0.0
CassandraWriteRequest	1500	71	143000.0	2922	0.5011069971480461	143000.0	2937	0.503679414997882	214.5	25	0.004287363083059942	643.5	0	0.0	643.5	0	0.0
CassandraWriteRequest	1500	72	145000.0	2933	0.5029934369045924	145000.0	2960	0.5076237890342972	217.5	48	0.008231737119475089	652.5	0	0.0	652.5	0	0.0
CassandraWriteRequest	1500	73	147000.0	2989	0.5125971302106467	147000.0	2994	0.5134546028272586	220.5	28	0.004801846653027135	661.5	0	0.0	661.5	0	0.0
CassandraWriteRequest	1500	74	149000.0	2988	0.5124256356873242	149000.0	2982	0.5113966685473899	223.5	22	0.003772879513092749	670.5	0	0.0	670.5	0	0.0
CassandraWriteRequest	1500	75	151000.0	2939	0.5040224040445268	151000.0	2935	0.5033364259512372	226.5	13	0.00222942880319117	679.5	0	0.0	679.5	0	0.0
CassandraWriteRequest	1500	76	153000.0	2909	0.49887756834485486	153000.0	2902	0.4976771066815981	229.5	14	0.0024009233265135676	688.5	0	0.0	688.5	0	0.0
CassandraWriteRequest	1500	77	155000.0	2886	0.49493319430843974	155000.0	2845	0.4879019188522214	232.5	23	0.0039443740364151466	697.5	0	0.0	697.5	0	0.0
CassandraWriteRequest	1500	78	157000.0	2912	0.49939205191482205	157000.0	2915	0.49990653548478925	235.5	22	0.003772879513092749	706.5	0	0.0	706.5	0	0.0
CassandraWriteRequest	1500	79	159000.0	2935	0.5033364259512372	159000.0	2975	0.5101962068841331	238.5	12	0.0020579342798687722	715.5	0	0.0	715.5	0	0.0
CassandraWriteRequest	1500	80	161000.0	2956	0.5069378109410075	161000.0	2907	0.4985345792982101	241.5	18	0.0030869014198031583	724.5	0	0.0	724.5	0	0.0
CassandraWriteRequest	1500	81	163000.0	2934	0.5031649314279149	163000.0	2975	0.5101962068841331	244.5	20	0.0034298904664479537	733.5	0	0.0	733.5	0	0.0
CassandraWriteRequest	1500	82	165000.0	2976	0.5103677014074555	165000.0	2999	0.5143120754438707	247.5	14	0.0024009233265135676	742.5	0	0.0	742.5	0	0.0
CassandraWriteRequest	1500	83	167000.0	2994	0.5134546028272586	167000.0	2988	0.5124256356873242	250.5	3	5.144835699671931E-4	751.5	0	0.0	751.5	0	0.0
CassandraWriteRequest	1500	84	169000.0	2979	0.5108821849774227	169000.0	2985	0.511911152117357	253.5	1	1.7149452332239769E-4	760.5	0	0.0	760.5	0	0.0
CassandraWriteRequest	1500	85	171000.0	3000	0.514483569967193	171000.0	2978	0.5107106904541003	256.5	17	0.002915406896480761	769.5	0	0.0	769.5	0	0.0
CassandraWriteRequest	1500	86	173000.0	2895	0.4964766450183413	173000.0	2902	0.4976771066815981	259.5	6	0.0010289671399343861	778.5	0	0.0	778.5	0	0.0
CassandraWriteRequest	1500	87	175000.0	2961	0.5077952835576196	175000.0	2942	0.504536887614494	262.5	6	0.0010289671399343861	787.5	0	0.0	787.5	0	0.0
CassandraWriteRequest	1500	88	177000.0	2949	0.5057373492777508	177000.0	2968	0.5089957452208763	265.5	3	5.144835699671931E-4	796.5	0	0.0	796.5	0	0.0
CassandraWriteRequest	1500	89	179000.0	2972	0.509681723314166	179000.0	2981	0.5112251740240675	268.5	11	0.0018864397565463745	805.5	0	0.0	805.5	0	0.0
CassandraWriteRequest	1500	90	181000.0	2689	0.4611487732139274	181000.0	2634	0.4517165744311955	271.5	4	6.859780932895907E-4	814.5	0	0.0	814.5	0	0.0
CassandraWriteRequest	1500	91	183000.0	2825	0.48447202838577347	183000.0	2872	0.49253227098192615	274.5	5	8.574726166119884E-4	823.5	0	0.0	823.5	0	0.0
CassandraWriteRequest	1500	92	185000.0	2978	0.5107106904541003	185000.0	2991	0.5129401192572914	277.5	11	0.0018864397565463745	832.5	0	0.0	832.5	0	0.0
CassandraWriteRequest	1500	93	187000.0	2996	0.5137975918739035	187000.0	2997	0.5139690863972258	280.5	1	1.7149452332239769E-4	841.5	0	0.0	841.5	0	0.0
CassandraWriteRequest	1500	94	189000.0	2999	0.5143120754438707	189000.0	2991	0.5129401192572914	283.5	12	0.0020579342798687722	850.5	0	0.0	850.5	0	0.0
CassandraWriteRequest	1500	95	191000.0	2983	0.5115681630707123	191000.0	2987	0.5122541411640019	286.5	4	6.859780932895907E-4	859.5	0	0.0	859.5	0	0.0
CassandraWriteRequest	1500	96	193000.0	2991	0.5129401192572914	193000.0	2977	0.5105391959307779	289.5	4	6.859780932895907E-4	868.5	0	0.0	868.5	0	0.0
CassandraWriteRequest	1500	97	195000.0	2981	0.5112251740240675	195000.0	2999	0.5143120754438707	292.5	2	3.4298904664479537E-4	877.5	0	0.0	877.5	0	0.0
CassandraWriteRequest	1500	98	197000.0	2819	0.4834430612458391	197000.0	2810	0.4818996105359375	295.5	9	0.0015434507099015792	886.5	0	0.0	886.5	0	0.0
CassandraWriteRequest	1500	99	199000.0	2960	0.5076237890342972	199000.0	2955	0.5067663164176852	298.5	4	6.859780932895907E-4	895.5	0	0.0	895.5	0	0.0
CassandraWriteRequest	1500	100	201000.0	2983	0.5115681630707123	201000.0	2985	0.511911152117357	301.5	3	5.144835699671931E-4	904.5	0	0.0	904.5	0	0.0
CassandraWriteRequest	1500	101	203000.0	2786	0.47778374197619994	203000.0	2764	0.4740108624631072	304.5	5	8.574726166119884E-4	913.5	0	0.0	913.5	0	0.0
CassandraWriteRequest	1500	102	205000.0	2890	0.4956191724017293	205000.0	2900	0.4973341176349533	307.5	3	5.144835699671931E-4	922.5	0	0.0	922.5	0	0.0
CassandraWriteRequest	1500	103	207000.0	2961	0.5077952835576196	207000.0	2975	0.5101962068841331	310.5	7	0.0012004616632567838	931.5	0	0.0	931.5	0	0.0
CassandraWriteRequest	1500	104	209000.0	2975	0.5101962068841331	209000.0	2984	0.5117396575940347	313.5	7	0.0012004616632567838	940.5	0	0.0	940.5	0	0.0
CassandraWriteRequest	1500	105	211000.0	2975	0.5101962068841331	211000.0	2912	0.49939205191482205	316.5	6	0.0010289671399343861	949.5	0	0.0	949.5	0	0.0
CassandraWriteRequest	1500	106	213000.0	2814	0.48258558862922707	213000.0	2865	0.4913318093186694	319.5	6	0.0010289671399343861	958.5	0	0.0	958.5	0	0.0
CassandraWriteRequest	1500	107	215000.0	2962	0.5079667780809419	215000.0	2975	0.5101962068841331	322.5	3	5.144835699671931E-4	967.5	0	0.0	967.5	0	0.0
CassandraWriteRequest	1500	108	217000.0	2967	0.5088242506975539	217000.0	2960	0.5076237890342972	325.5	9	0.0015434507099015792	976.5	0	0.0	976.5	0	0.0
CassandraWriteRequest	1500	109	219000.0	2987	0.5122541411640019	219000.0	2994	0.5134546028272586	328.5	3	5.144835699671931E-4	985.5	0	0.0	985.5	0	0.0
CassandraWriteRequest	1500	110	221000.0	2987	0.5122541411640019	221000.0	2982	0.5113966685473899	331.5	9	0.0015434507099015792	994.5	0	0.0	994.5	0	0.0
CassandraWriteRequest	1500	111	223000.0	2951	0.5060803383243956	223000.0	2946	0.5052228657077836	334.5	2	3.4298904664479537E-4	1003.5	0	0.0	1003.5	0	0.0
CassandraWriteRequest	1500	112	225000.0	2985	0.511911152117357	225000.0	2960	0.5076237890342972	337.5	1	1.7149452332239769E-4	1012.5	0	0.0	1012.5	0	0.0
CassandraWriteRequest	1500	113	227000.0	2924	0.5014499861946908	227000.0	2949	0.5057373492777508	340.5	2	3.4298904664479537E-4	1021.5	0	0.0	1021.5	0	0.0
CassandraWriteRequest	1500	114	229000.0	2916	0.5000780300081117	229000.0	2905	0.4981915902515653	343.5	6	0.0010289671399343861	1030.5	0	0.0	1030.5	0	0.0
CassandraWriteRequest	1500	115	231000.0	2458	0.4215335383264535	231000.0	2416	0.4143307683469128	346.5	5	8.574726166119884E-4	1039.5	0	0.0	1039.5	0	0.0
CassandraWriteRequest	1500	116	233000.0	2887	0.4951046888317621	233000.0	2950	0.5059088438010731	349.5	8	0.0013719561865791815	1048.5	0	0.0	1048.5	0	0.0
CassandraWriteRequest	1500	117	235000.0	2932	0.50282194238127	235000.0	2932	0.50282194238127	352.5	7	0.0012004616632567838	1057.5	0	0.0	1057.5	0	0.0
CassandraWriteRequest	1500	118	237000.0	2911	0.4992205573914997	237000.0	2905	0.4981915902515653	355.5	2	3.4298904664479537E-4	1066.5	0	0.0	1066.5	0	0.0
CassandraWriteRequest	1500	119	239000.0	2973	0.5098532178374883	239000.0	2974	0.5100247123608107	358.5	4	6.859780932895907E-4	1075.5	0	0.0	1075.5	0	0.0
CassandraWriteRequest	1500	120	241000.0	2984	0.5117396575940347	241000.0	2960	0.5076237890342972	361.5	5	8.574726166119884E-4	1084.5	0	0.0	1084.5	0	0.0
CassandraWriteRequest	1500	121	243000.0	2946	0.5052228657077836	243000.0	2975	0.5101962068841331	364.5	4	6.859780932895907E-4	1093.5	0	0.0	1093.5	0	0.0
CassandraWriteRequest	1500	122	245000.0	3000	0.514483569967193	245000.0	3000	0.514483569967193	367.5	1	1.7149452332239769E-4	1102.5	0	0.0	1102.5	0	0.0
CassandraWriteRequest	1500	123	247000.0	3000	0.514483569967193	247000.0	3000	0.514483569967193	370.5	5	8.574726166119884E-4	1111.5	0	0.0	1111.5	0	0.0
CassandraWriteRequest	1500	124	249000.0	2898	0.4969911285883085	249000.0	2888	0.4952761833550845	373.5	1	1.7149452332239769E-4	1120.5	0	0.0	1120.5	0	0.0
CassandraWriteRequest	1500	125	251000.0	2705	0.46389268558708574	251000.0	2710	0.46475015820369775	376.5	1	1.7149452332239769E-4	1129.5	0	0.0	1129.5	0	0.0
CassandraWriteRequest	1500	126	253000.0	2385	0.40901443812391847	253000.0	2332	0.3999252283878314	379.5	1	1.7149452332239769E-4	1138.5	0	0.0	1138.5	0	0.0
CassandraWriteRequest	1500	127	255000.0	2893	0.4961336559716965	255000.0	2917	0.500249524531434	382.5	0	0.0	1147.5	0	0.0	1147.5	0	0.0
CassandraWriteRequest	1500	128	257000.0	2929	0.5023074588113028	257000.0	2949	0.5057373492777508	385.5	0	0.0	1156.5	0	0.0	1156.5	0	0.0
CassandraWriteRequest	1500	129	259000.0	2973	0.5098532178374883	259000.0	2973	0.5098532178374883	388.5	1	1.7149452332239769E-4	1165.5	0	0.0	1165.5	0	0.0
CassandraWriteRequest	1500	130	261000.0	2984	0.5117396575940347	261000.0	2969	0.5091672397441988	391.5	2	3.4298904664479537E-4	1174.5	0	0.0	1174.5	0	0.0
CassandraWriteRequest	1500	131	263000.0	2894	0.4963051504950189	263000.0	2923	0.5012784916713684	394.5	6	0.0010289671399343861	1183.5	0	0.0	1183.5	0	0.0
CassandraWriteRequest	1500	132	265000.0	3000	0.514483569967193	265000.0	2957	0.50710930546433	397.5	1	1.7149452332239769E-4	1192.5	0	0.0	1192.5	0	0.0
CassandraWriteRequest	1500	133	267000.0	2935	0.5033364259512372	267000.0	2968	0.5089957452208763	400.5	0	0.0	1201.5	0	0.0	1201.5	0	0.0
CassandraWriteRequest	1500	134	269000.0	2966	0.5086527561742316	269000.0	2943	0.5047083821378164	403.5	4	6.859780932895907E-4	1210.5	0	0.0	1210.5	0	0.0
CassandraWriteRequest	1500	135	271000.0	2916	0.5000780300081117	271000.0	2942	0.504536887614494	406.5	1	1.7149452332239769E-4	1219.5	0	0.0	1219.5	0	0.0
CassandraWriteRequest	1500	136	273000.0	2975	0.5101962068841331	273000.0	2973	0.5098532178374883	409.5	0	0.0	1228.5	0	0.0	1228.5	0	0.0
CassandraWriteRequest	1500	137	275000.0	2980	0.5110536795007451	275000.0	2986	0.5120826466406795	412.5	1	1.7149452332239769E-4	1237.5	0	0.0	1237.5	0	0.0
CassandraWriteRequest	1500	138	277000.0	2934	0.5031649314279149	277000.0	2875	0.49304675455189334	415.5	0	0.0	1246.5	0	0.0	1246.5	0	0.0
CassandraWriteRequest	1500	139	279000.0	2904	0.4980200957282429	279000.0	2954	0.5065948218943628	418.5	1	1.7149452332239769E-4	1255.5	0	0.0	1255.5	0	0.0
CassandraWriteRequest	1500	140	281000.0	2908	0.4987060738215325	281000.0	2882	0.4942472162151501	421.5	0	0.0	1264.5	0	0.0	1264.5	0	0.0
CassandraWriteRequest	1500	141	283000.0	2962	0.5079667780809419	283000.0	2999	0.5143120754438707	424.5	0	0.0	1273.5	0	0.0	1273.5	0	0.0
CassandraWriteRequest	1500	142	285000.0	2916	0.5000780300081117	285000.0	2908	0.4987060738215325	427.5	0	0.0	1282.5	0	0.0	1282.5	0	0.0
CassandraWriteRequest	1500	143	287000.0	2987	0.5122541411640019	287000.0	2996	0.5137975918739035	430.5	1	1.7149452332239769E-4	1291.5	0	0.0	1291.5	0	0.0
CassandraWriteRequest	1500	144	289000.0	2905	0.4981915902515653	289000.0	2841	0.4872159407589318	433.5	1	1.7149452332239769E-4	1300.5	0	0.0	1300.5	0	0.0
CassandraWriteRequest	1500	145	291000.0	2760	0.4733248843698176	291000.0	2760	0.4733248843698176	436.5	0	0.0	1309.5	0	0.0	1309.5	0	0.0
CassandraWriteRequest	1500	146	293000.0	2876	0.4932182490752157	293000.0	2933	0.5029934369045924	439.5	0	0.0	1318.5	0	0.0	1318.5	0	0.0
CassandraWriteRequest	1500	147	295000.0	2993	0.5132831083039363	295000.0	2997	0.5139690863972258	442.5	0	0.0	1327.5	0	0.0	1327.5	0	0.0
CassandraWriteRequest	1500	148	297000.0	2996	0.5137975918739035	297000.0	2999	0.5143120754438707	445.5	2	3.4298904664479537E-4	1336.5	0	0.0	1336.5	0	0.0
CassandraWriteRequest	1500	149	299000.0	3000	0.514483569967193	299000.0	2999	0.5143120754438707	448.5	0	0.0	1345.5	0	0.0	1345.5	0	0.0
CassandraWriteRequest	1500	150	301000.0	2992	0.5131116137806139	301000.0	2954	0.5065948218943628	451.5	0	0.0	1354.5	0	0.0	1354.5	0	0.0
CassandraWriteRequest	1500	151	303000.0	2754	0.47229591722988323	303000.0	2746	0.47092396104330403	454.5	0	0.0	1363.5	0	0.0	1363.5	0	0.0
CassandraWriteRequest	1500	152	305000.0	2848	0.4884164024221886	305000.0	2840	0.48704444623560944	457.5	1	1.7149452332239769E-4	1372.5	0	0.0	1372.5	0	0.0
CassandraWriteRequest	1500	153	307000.0	2434	0.41741766976671596	307000.0	2489	0.42684986854944784	460.5	0	0.0	1381.5	0	0.0	1381.5	0	0.0
CassandraWriteRequest	1500	154	309000.0	3000	0.514483569967193	309000.0	3000	0.514483569967193	463.5	0	0.0	1390.5	0	0.0	1390.5	0	0.0
CassandraWriteRequest	1500	155	311000.0	3000	0.514483569967193	311000.0	3000	0.514483569967193	466.5	0	0.0	1399.5	0	0.0	1399.5	0	0.0
CassandraWriteRequest	1500	156	313000.0	3000	0.514483569967193	313000.0	3000	0.514483569967193	469.5	0	0.0	1408.5	0	0.0	1408.5	0	0.0
CassandraWriteRequest	1500	157	315000.0	2977	0.5105391959307779	315000.0	2971	0.5095102287908435	472.5	0	0.0	1417.5	0	0.0	1417.5	0	0.0
CassandraWriteRequest	1500	158	317000.0	2981	0.5112251740240675	317000.0	2980	0.5110536795007451	475.5	0	0.0	1426.5	0	0.0	1426.5	0	0.0
CassandraWriteRequest	1500	159	319000.0	2979	0.5108821849774227	319000.0	2985	0.511911152117357	478.5	0	0.0	1435.5	0	0.0	1435.5	0	0.0
CassandraWriteRequest	1500	160	321000.0	2985	0.511911152117357	321000.0	2980	0.5110536795007451	481.5	0	0.0	1444.5	0	0.0	1444.5	0	0.0
CassandraWriteRequest	1500	161	323000.0	2991	0.5129401192572914	323000.0	2997	0.5139690863972258	484.5	0	0.0	1453.5	0	0.0	1453.5	0	0.0
CassandraWriteRequest	1500	162	325000.0	2924	0.5014499861946908	325000.0	2888	0.4952761833550845	487.5	0	0.0	1462.5	0	0.0	1462.5	0	0.0
CassandraWriteRequest	1500	163	327000.0	2889	0.49544767787840693	327000.0	2873	0.4927037655052485	490.5	0	0.0	1471.5	0	0.0	1471.5	0	0.0
CassandraWriteRequest	1500	164	329000.0	2923	0.5012784916713684	329000.0	2966	0.5086527561742316	493.5	1	1.7149452332239769E-4	1480.5	0	0.0	1480.5	0	0.0
CassandraWriteRequest	1500	165	331000.0	2538	0.43525310019224533	331000.0	2492	0.42736435211941504	496.5	0	0.0	1489.5	0	0.0	1489.5	0	0.0
CassandraWriteRequest	1500	166	333000.0	2894	0.4963051504950189	333000.0	2944	0.5048798766611388	499.5	2	3.4298904664479537E-4	1498.5	0	0.0	1498.5	0	0.0
CassandraWriteRequest	1500	167	335000.0	2988	0.5124256356873242	335000.0	2985	0.511911152117357	502.5	0	0.0	1507.5	0	0.0	1507.5	0	0.0
CassandraWriteRequest	1500	168	337000.0	2979	0.5108821849774227	337000.0	2979	0.5108821849774227	505.5	1	1.7149452332239769E-4	1516.5	0	0.0	1516.5	0	0.0
CassandraWriteRequest	1500	169	339000.0	2978	0.5107106904541003	339000.0	2982	0.5113966685473899	508.5	0	0.0	1525.5	0	0.0	1525.5	0	0.0
CassandraWriteRequest	1500	170	341000.0	2723	0.4669795870068889	341000.0	2667	0.45737589370083465	511.5	0	0.0	1534.5	0	0.0	1534.5	0	0.0
CassandraWriteRequest	1500	171	343000.0	2849	0.488587896945511	343000.0	2905	0.4981915902515653	514.5	0	0.0	1543.5	0	0.0	1543.5	0	0.0
CassandraWriteRequest	1500	172	345000.0	2960	0.5076237890342972	345000.0	2960	0.5076237890342972	517.5	0	0.0	1552.5	0	0.0	1552.5	0	0.0
CassandraWriteRequest	1500	173	347000.0	2917	0.500249524531434	347000.0	2869	0.49201778741195895	520.5	0	0.0	1561.5	0	0.0	1561.5	0	0.0
CassandraWriteRequest	1500	174	349000.0	2898	0.4969911285883085	349000.0	2947	0.505394360231106	523.5	0	0.0	1570.5	0	0.0	1570.5	0	0.0
CassandraWriteRequest	1500	175	351000.0	2873	0.4927037655052485	351000.0	2812	0.4822425995825823	526.5	1	1.7149452332239769E-4	1579.5	0	0.0	1579.5	0	0.0
CassandraWriteRequest	1500	176	353000.0	2936	0.5035079204745596	353000.0	2974	0.5100247123608107	529.5	0	0.0	1588.5	0	0.0	1588.5	0	0.0
CassandraWriteRequest	1500	177	355000.0	2932	0.50282194238127	355000.0	2949	0.5057373492777508	532.5	0	0.0	1597.5	0	0.0	1597.5	0	0.0
CassandraWriteRequest	1500	178	357000.0	2958	0.5072807999876524	357000.0	2952	0.506251832847718	535.5	0	0.0	1606.5	0	0.0	1606.5	0	0.0
CassandraWriteRequest	1500	179	359000.0	2983	0.5115681630707123	359000.0	2998	0.5141405809205483	538.5	0	0.0	1615.5	0	0.0	1615.5	0	0.0
CassandraWriteRequest	1500	180	361000.0	3000	0.514483569967193	361000.0	2996	0.5137975918739035	541.5	0	0.0	1624.5	0	0.0	1624.5	0	0.0
CassandraWriteRequest	1500	181	363000.0	2941	0.5043653930911716	363000.0	2893	0.4961336559716965	544.5	0	0.0	1633.5	0	0.0	1633.5	0	0.0
CassandraWriteRequest	1500	182	365000.0	2937	0.503679414997882	365000.0	2984	0.5117396575940347	547.5	0	0.0	1642.5	0	0.0	1642.5	0	0.0
CassandraWriteRequest	1500	183	367000.0	2987	0.5122541411640019	367000.0	2989	0.5125971302106467	550.5	0	0.0	1651.5	0	0.0	1651.5	0	0.0
CassandraWriteRequest	1500	184	369000.0	2980	0.5110536795007451	369000.0	2976	0.5103677014074555	553.5	0	0.0	1660.5	0	0.0	1660.5	0	0.0
CassandraWriteRequest	1500	185	371000.0	2885	0.4947616997851173	371000.0	2828	0.48498651195574066	556.5	0	0.0	1669.5	0	0.0	1669.5	0	0.0
CassandraWriteRequest	1500	186	373000.0	2919	0.5005925135780789	373000.0	2925	0.5016214807180133	559.5	0	0.0	1678.5	0	0.0	1678.5	0	0.0
CassandraWriteRequest	1500	187	375000.0	2931	0.5026504478579477	375000.0	2981	0.5112251740240675	562.5	0	0.0	1687.5	0	0.0	1687.5	0	0.0
CassandraWriteRequest	1500	188	377000.0	2990	0.5127686247339691	377000.0	2979	0.5108821849774227	565.5	0	0.0	1696.5	0	0.0	1696.5	0	0.0
CassandraWriteRequest	1500	189	379000.0	2954	0.5065948218943628	379000.0	2963	0.5081382726042644	568.5	0	0.0	1705.5	0	0.0	1705.5	0	0.0
CassandraWriteRequest	1500	190	381000.0	2982	0.5113966685473899	381000.0	2951	0.5060803383243956	571.5	0	0.0	1714.5	0	0.0	1714.5	0	0.0
CassandraWriteRequest	1500	191	383000.0	2959	0.5074522945109747	383000.0	3000	0.514483569967193	574.5	0	0.0	1723.5	0	0.0	1723.5	0	0.0
CassandraWriteRequest	1500	192	385000.0	2990	0.5127686247339691	385000.0	2988	0.5124256356873242	577.5	1	1.7149452332239769E-4	1732.5	0	0.0	1732.5	0	0.0
CassandraWriteRequest	1500	193	387000.0	2971	0.5095102287908435	387000.0	2970	0.5093387342675211	580.5	0	0.0	1741.5	0	0.0	1741.5	0	0.0
CassandraWriteRequest	1500	194	389000.0	2964	0.5083097671275867	389000.0	2930	0.5024789533346252	583.5	0	0.0	1750.5	0	0.0	1750.5	0	0.0
CassandraWriteRequest	1500	195	391000.0	2713	0.46526464177366494	391000.0	2686	0.4606342896439602	586.5	0	0.0	1759.5	0	0.0	1759.5	0	0.0
CassandraWriteRequest	1500	196	393000.0	2802	0.4805276543493583	393000.0	2813	0.4824140941059047	589.5	0	0.0	1768.5	0	0.0	1768.5	0	0.0
CassandraWriteRequest	1500	197	395000.0	2902	0.4976771066815981	395000.0	2955	0.5067663164176852	592.5	0	0.0	1777.5	0	0.0	1777.5	0	0.0
CassandraWriteRequest	1500	198	397000.0	2984	0.5117396575940347	397000.0	2977	0.5105391959307779	595.5	0	0.0	1786.5	0	0.0	1786.5	0	0.0
CassandraWriteRequest	1500	199	399000.0	2982	0.5113966685473899	399000.0	2989	0.5125971302106467	598.5	0	0.0	1795.5	0	0.0	1795.5	0	0.0
