'Request type'	'Load'	'Bucket'	'Start time'	'Absolute'	'Percent of requests'	'End time'	'Absolute'	'Percent of requests'	'Residence time'	'Absolute'	'Percent of requests'	'Theor. think time'	'Absolute'	'Percent of requests'	'Actual think time'	'Absolute'	'Percent of requests'
CassandraWriteRequest	1500	0	1500.5	4320	0.48510383130963436	1500.5	4256	0.47791710788282493	2.0	558578	62.724149973442806	4.5	890531	100.0	4.5	890531	100.0
CassandraWriteRequest	1500	1	4501.5	4308	0.48375632066710755	4501.5	4353	0.48880948557658294	6.0	176202	19.78617251954171	13.5	0	0.0	13.5	0	0.0
CassandraWriteRequest	1500	2	7502.5	4480	0.5030706398766578	7502.5	4494	0.5046427356262724	10.0	68689	7.71326321037673	22.5	0	0.0	22.5	0	0.0
CassandraWriteRequest	1500	3	10503.5	4482	0.5032952249837457	10503.5	4481	0.5031829324302017	14.0	34708	3.8974499484015714	31.5	0	0.0	31.5	0	0.0
CassandraWriteRequest	1500	4	13504.5	4460	0.5008247888057799	13504.5	4456	0.5003756185916043	18.0	18575	2.0858341820778836	40.5	0	0.0	40.5	0	0.0
CassandraWriteRequest	1500	5	16505.5	4280	0.4806121291678785	16505.5	4246	0.47679418234738596	22.0	10317	1.1585222749123836	49.5	0	0.0	49.5	0	0.0
CassandraWriteRequest	1500	6	19506.5	4427	0.4971191345388313	19506.5	4471	0.5020600068947627	26.0	5842	0.6560130978034453	58.5	0	0.0	58.5	0	0.0
CassandraWriteRequest	1500	7	22507.5	4484	0.5035198100908335	22507.5	4477	0.5027337622160262	30.0	3552	0.39886315018792157	67.5	0	0.0	67.5	0	0.0
CassandraWriteRequest	1500	8	25508.5	4456	0.5003756185916043	25508.5	4460	0.5008247888057799	34.0	2146	0.24097981990520262	76.5	0	0.0	76.5	0	0.0
CassandraWriteRequest	1500	9	28509.5	4495	0.5047550281798163	28509.5	4485	0.5036321026443773	38.0	1327	0.1490122185527511	85.5	0	0.0	85.5	0	0.0
CassandraWriteRequest	1500	10	31510.5	4468	0.5017231292341311	31510.5	4478	0.50284605476957	42.0	1120	0.12576765996916445	94.5	0	0.0	94.5	0	0.0
CassandraWriteRequest	1500	11	34511.5	4478	0.50284605476957	34511.5	4481	0.5031829324302017	46.0	1084	0.12172512804158417	103.5	0	0.0	103.5	0	0.0
CassandraWriteRequest	1500	12	37512.5	4491	0.5043058579656406	37512.5	4487	0.5038566877514651	50.0	640	0.07186723426809398	112.5	0	0.0	112.5	0	0.0
CassandraWriteRequest	1500	13	40513.5	4494	0.5046427356262724	40513.5	4498	0.5050919058404479	54.0	426	0.04783662780970005	121.5	0	0.0	121.5	0	0.0
CassandraWriteRequest	1500	14	43514.5	4498	0.5050919058404479	43514.5	4496	0.5048673207333602	58.0	348	0.0390778086332761	130.5	0	0.0	130.5	0	0.0
CassandraWriteRequest	1500	15	46515.5	4497	0.5049796132869041	46515.5	4499	0.5052041983939919	62.0	334	0.03750571288366154	139.5	0	0.0	139.5	0	0.0
CassandraWriteRequest	1500	16	49516.5	4500	0.5053164909475357	49516.5	4500	0.5053164909475357	66.0	316	0.035484446919871404	148.5	0	0.0	148.5	0	0.0
CassandraWriteRequest	1500	17	52517.5	4499	0.5052041983939919	52517.5	4499	0.5052041983939919	70.0	334	0.03750571288366154	157.5	0	0.0	157.5	0	0.0
CassandraWriteRequest	1500	18	55518.5	4494	0.5046427356262724	55518.5	4431	0.4975683047530069	74.0	393	0.04413097354275146	166.5	0	0.0	166.5	0	0.0
CassandraWriteRequest	1500	19	58519.5	4353	0.48880948557658294	58519.5	4413	0.49554703878921674	78.0	370	0.04154824481124183	175.5	0	0.0	175.5	0	0.0
CassandraWriteRequest	1500	20	61520.5	4417	0.4959962090033923	61520.5	4418	0.49610850155693625	82.0	378	0.04244658523959301	184.5	0	0.0	184.5	0	0.0
CassandraWriteRequest	1500	21	64521.5	4492	0.5044181505191846	64521.5	4486	0.5037443951979212	86.0	367	0.04121136715061014	193.5	0	0.0	193.5	0	0.0
CassandraWriteRequest	1500	22	67522.5	4491	0.5043058579656406	67522.5	4496	0.5048673207333602	90.0	356	0.039976149061627275	202.5	0	0.0	202.5	0	0.0
CassandraWriteRequest	1500	23	70523.5	4486	0.5037443951979212	70523.5	4489	0.5040812728585529	94.0	362	0.04064990438289066	211.5	0	0.0	211.5	0	0.0
CassandraWriteRequest	1500	24	73524.5	4498	0.5050919058404479	73524.5	4498	0.5050919058404479	98.0	359	0.04031302672225896	220.5	0	0.0	220.5	0	0.0
CassandraWriteRequest	1500	25	76525.5	4500	0.5053164909475357	76525.5	4500	0.5053164909475357	102.0	303	0.03402464372380074	229.5	0	0.0	229.5	0	0.0
CassandraWriteRequest	1500	26	79526.5	4500	0.5053164909475357	79526.5	4500	0.5053164909475357	106.0	206	0.023132266030042748	238.5	0	0.0	238.5	0	0.0
CassandraWriteRequest	1500	27	82527.5	4499	0.5052041983939919	82527.5	4499	0.5052041983939919	110.0	217	0.024367484119025614	247.5	0	0.0	247.5	0	0.0
CassandraWriteRequest	1500	28	85528.5	4225	0.47443603872296414	85528.5	4161	0.46724931529615477	114.0	210	0.023581436244218337	256.5	0	0.0	256.5	0	0.0
CassandraWriteRequest	1500	29	88529.5	4397	0.49375035793251437	88529.5	4461	0.5009370813593238	118.0	224	0.02515353199383289	265.5	0	0.0	265.5	0	0.0
CassandraWriteRequest	1500	30	91530.5	4379	0.4917290919687243	91530.5	4379	0.4917290919687243	122.0	198	0.022233925601691573	274.5	0	0.0	274.5	0	0.0
CassandraWriteRequest	1500	31	94531.5	4500	0.5053164909475357	94531.5	4500	0.5053164909475357	126.0	147	0.016507005370952836	283.5	0	0.0	283.5	0	0.0
CassandraWriteRequest	1500	32	97532.5	4499	0.5052041983939919	97532.5	4499	0.5052041983939919	130.0	204	0.022907680922954955	292.5	0	0.0	292.5	0	0.0
CassandraWriteRequest	1500	33	100533.5	4497	0.5049796132869041	100533.5	4497	0.5049796132869041	134.0	192	0.02156017028042819	301.5	0	0.0	301.5	0	0.0
CassandraWriteRequest	1500	34	103534.5	4496	0.5048673207333602	103534.5	4494	0.5046427356262724	138.0	132	0.014822617067794383	310.5	0	0.0	310.5	0	0.0
CassandraWriteRequest	1500	35	106535.5	4466	0.5014985441270433	106535.5	4464	0.5012739590199555	142.0	132	0.014822617067794383	319.5	0	0.0	319.5	0	0.0
CassandraWriteRequest	1500	36	109536.5	4484	0.5035198100908335	109536.5	4480	0.5030706398766578	146.0	97	0.010892377693757994	328.5	0	0.0	328.5	0	0.0
CassandraWriteRequest	1500	37	112537.5	4483	0.5034075175372895	112537.5	4468	0.5017231292341311	150.0	138	0.015496372389057763	337.5	0	0.0	337.5	0	0.0
CassandraWriteRequest	1500	38	115538.5	4475	0.5025091771089384	115538.5	4457	0.5004879111451482	154.0	73	0.008197356408704469	346.5	0	0.0	346.5	0	0.0
CassandraWriteRequest	1500	39	118539.5	4443	0.49891581539553365	118539.5	4484	0.5035198100908335	158.0	71	0.007972771301616676	355.5	0	0.0	355.5	0	0.0
CassandraWriteRequest	1500	40	121540.5	4500	0.5053164909475357	121540.5	4500	0.5053164909475357	162.0	49	0.005502335123650945	364.5	0	0.0	364.5	0	0.0
CassandraWriteRequest	1500	41	124541.5	4482	0.5032952249837457	124541.5	4476	0.5026214696624822	166.0	41	0.00460399469529977	373.5	0	0.0	373.5	0	0.0
CassandraWriteRequest	1500	42	127542.5	4479	0.502958347323114	127542.5	4478	0.50284605476957	170.0	80	0.008983404283511747	382.5	0	0.0	382.5	0	0.0
CassandraWriteRequest	1500	43	130543.5	4469	0.5018354217876749	130543.5	4465	0.5013862515734994	174.0	94	0.010555500033126303	391.5	0	0.0	391.5	0	0.0
CassandraWriteRequest	1500	44	133544.5	4474	0.5023968845553944	133544.5	4480	0.5030706398766578	178.0	53	0.0059515053378265325	400.5	0	0.0	400.5	0	0.0
CassandraWriteRequest	1500	45	136545.5	4358	0.4893709483443024	136545.5	4347	0.48813573025531953	182.0	31	0.003481069159860802	409.5	0	0.0	409.5	0	0.0
CassandraWriteRequest	1500	46	139546.5	4474	0.5023968845553944	139546.5	4481	0.5031829324302017	186.0	37	0.004154824481124183	418.5	0	0.0	418.5	0	0.0
CassandraWriteRequest	1500	47	142547.5	4461	0.5009370813593238	142547.5	4467	0.5016108366805871	190.0	59	0.006625260659089914	427.5	0	0.0	427.5	0	0.0
CassandraWriteRequest	1500	48	145548.5	4474	0.5023968845553944	145548.5	4474	0.5023968845553944	194.0	57	0.00640067555200212	436.5	0	0.0	436.5	0	0.0
CassandraWriteRequest	1500	49	148549.5	4481	0.5031829324302017	148549.5	4480	0.5030706398766578	198.0	17	0.0019089734102462463	445.5	0	0.0	445.5	0	0.0
CassandraWriteRequest	1500	50	151550.5	4487	0.5038566877514651	151550.5	4483	0.5034075175372895	202.0	29	0.003256484052773008	454.5	0	0.0	454.5	0	0.0
CassandraWriteRequest	1500	51	154551.5	4467	0.5016108366805871	154551.5	4473	0.5022845920018506	206.0	13	0.0014598031960706588	463.5	0	0.0	463.5	0	0.0
CassandraWriteRequest	1500	52	157552.5	4496	0.5048673207333602	157552.5	4498	0.5050919058404479	210.0	5	5.614627677194842E-4	472.5	0	0.0	472.5	0	0.0
CassandraWriteRequest	1500	53	160553.5	4500	0.5053164909475357	160553.5	4500	0.5053164909475357	214.0	12	0.001347510642526762	481.5	0	0.0	481.5	0	0.0
CassandraWriteRequest	1500	54	163554.5	4230	0.47499750149068365	163554.5	4215	0.47331311318752517	218.0	21	0.0023581436244218337	490.5	0	0.0	490.5	0	0.0
CassandraWriteRequest	1500	55	166555.5	4440	0.498578937734902	166555.5	4449	0.49958957071679705	222.0	36	0.004042531927580286	499.5	0	0.0	499.5	0	0.0
CassandraWriteRequest	1500	56	169556.5	4488	0.503968980305009	169556.5	4494	0.5046427356262724	226.0	33	0.0037056542669485957	508.5	0	0.0	508.5	0	0.0
CassandraWriteRequest	1500	57	172557.5	4500	0.5053164909475357	172557.5	4500	0.5053164909475357	230.0	16	0.0017966808567023494	517.5	0	0.0	517.5	0	0.0
CassandraWriteRequest	1500	58	175558.5	4500	0.5053164909475357	175558.5	4489	0.5040812728585529	234.0	35	0.003930239374036389	526.5	0	0.0	526.5	0	0.0
CassandraWriteRequest	1500	59	178559.5	4489	0.5040812728585529	178559.5	4500	0.5053164909475357	238.0	16	0.0017966808567023494	535.5	0	0.0	535.5	0	0.0
CassandraWriteRequest	1500	60	181560.5	4500	0.5053164909475357	181560.5	4500	0.5053164909475357	242.0	6	6.73755321263381E-4	544.5	0	0.0	544.5	0	0.0
CassandraWriteRequest	1500	61	184561.5	4500	0.5053164909475357	184561.5	4500	0.5053164909475357	246.0	5	5.614627677194842E-4	553.5	0	0.0	553.5	0	0.0
CassandraWriteRequest	1500	62	187562.5	4500	0.5053164909475357	187562.5	4495	0.5047550281798163	250.0	2	2.2458510708779368E-4	562.5	0	0.0	562.5	0	0.0
CassandraWriteRequest	1500	63	190563.5	4489	0.5040812728585529	190563.5	4486	0.5037443951979212	254.0	4	4.4917021417558735E-4	571.5	0	0.0	571.5	0	0.0
CassandraWriteRequest	1500	64	193564.5	4471	0.5020600068947627	193564.5	4479	0.502958347323114	258.0	18	0.002021265963790143	580.5	0	0.0	580.5	0	0.0
CassandraWriteRequest	1500	65	196565.5	4499	0.5052041983939919	196565.5	4499	0.5052041983939919	262.0	13	0.0014598031960706588	589.5	0	0.0	589.5	0	0.0
CassandraWriteRequest	1500	66	199566.5	4500	0.5053164909475357	199566.5	4500	0.5053164909475357	266.0	1	1.1229255354389684E-4	598.5	0	0.0	598.5	0	0.0
CassandraWriteRequest	1500	67	202567.5	4500	0.5053164909475357	202567.5	4496	0.5048673207333602	270.0	6	6.73755321263381E-4	607.5	0	0.0	607.5	0	0.0
CassandraWriteRequest	1500	68	205568.5	4494	0.5046427356262724	205568.5	4498	0.5050919058404479	274.0	3	3.368776606316905E-4	616.5	0	0.0	616.5	0	0.0
CassandraWriteRequest	1500	69	208569.5	4396	0.4936380653789705	208569.5	4396	0.4936380653789705	278.0	5	5.614627677194842E-4	625.5	0	0.0	625.5	0	0.0
CassandraWriteRequest	1500	70	211570.5	4500	0.5053164909475357	211570.5	4500	0.5053164909475357	282.0	2	2.2458510708779368E-4	634.5	0	0.0	634.5	0	0.0
CassandraWriteRequest	1500	71	214571.5	4500	0.5053164909475357	214571.5	4500	0.5053164909475357	286.0	2	2.2458510708779368E-4	643.5	0	0.0	643.5	0	0.0
CassandraWriteRequest	1500	72	217572.5	4500	0.5053164909475357	217572.5	4487	0.5038566877514651	290.0	0	0.0	652.5	0	0.0	652.5	0	0.0
CassandraWriteRequest	1500	73	220573.5	4370	0.4907184589868292	220573.5	4383	0.49217826218289984	294.0	0	0.0	661.5	0	0.0	661.5	0	0.0
CassandraWriteRequest	1500	74	223574.5	4500	0.5053164909475357	223574.5	4471	0.5020600068947627	298.0	0	0.0	670.5	0	0.0	670.5	0	0.0
CassandraWriteRequest	1500	75	226575.5	4465	0.5013862515734994	226575.5	4491	0.5043058579656406	302.0	0	0.0	679.5	0	0.0	679.5	0	0.0
CassandraWriteRequest	1500	76	229576.5	4424	0.4967822568781996	229576.5	4427	0.4971191345388313	306.0	0	0.0	688.5	0	0.0	688.5	0	0.0
CassandraWriteRequest	1500	77	232577.5	4184	0.4698320440276644	232577.5	4174	0.4687091184922254	310.0	0	0.0	697.5	0	0.0	697.5	0	0.0
CassandraWriteRequest	1500	78	235578.5	4447	0.4993649856097092	235578.5	4424	0.4967822568781996	314.0	0	0.0	706.5	0	0.0	706.5	0	0.0
CassandraWriteRequest	1500	79	238579.5	4449	0.49958957071679705	238579.5	4479	0.502958347323114	318.0	0	0.0	715.5	0	0.0	715.5	0	0.0
CassandraWriteRequest	1500	80	241580.5	4492	0.5044181505191846	241580.5	4485	0.5036321026443773	322.0	0	0.0	724.5	0	0.0	724.5	0	0.0
CassandraWriteRequest	1500	81	244581.5	4469	0.5018354217876749	244581.5	4475	0.5025091771089384	326.0	0	0.0	733.5	0	0.0	733.5	0	0.0
CassandraWriteRequest	1500	82	247582.5	4480	0.5030706398766578	247582.5	4481	0.5031829324302017	330.0	0	0.0	742.5	0	0.0	742.5	0	0.0
CassandraWriteRequest	1500	83	250583.5	4481	0.5031829324302017	250583.5	4479	0.502958347323114	334.0	0	0.0	751.5	0	0.0	751.5	0	0.0
CassandraWriteRequest	1500	84	253584.5	4481	0.5031829324302017	253584.5	4485	0.5036321026443773	338.0	0	0.0	760.5	0	0.0	760.5	0	0.0
CassandraWriteRequest	1500	85	256585.5	4499	0.5052041983939919	256585.5	4500	0.5053164909475357	342.0	0	0.0	769.5	0	0.0	769.5	0	0.0
CassandraWriteRequest	1500	86	259586.5	4493	0.5045304430727285	259586.5	4493	0.5045304430727285	346.0	0	0.0	778.5	0	0.0	778.5	0	0.0
CassandraWriteRequest	1500	87	262587.5	4500	0.5053164909475357	262587.5	4498	0.5050919058404479	350.0	0	0.0	787.5	0	0.0	787.5	0	0.0
CassandraWriteRequest	1500	88	265588.5	4491	0.5043058579656406	265588.5	4491	0.5043058579656406	354.0	0	0.0	796.5	0	0.0	796.5	0	0.0
CassandraWriteRequest	1500	89	268589.5	4420	0.49633308666402404	268589.5	4419	0.49622079411048015	358.0	0	0.0	805.5	0	0.0	805.5	0	0.0
CassandraWriteRequest	1500	90	271590.5	4490	0.5041935654120968	271590.5	4491	0.5043058579656406	362.0	0	0.0	814.5	0	0.0	814.5	0	0.0
CassandraWriteRequest	1500	91	274591.5	4393	0.4933011877183388	274591.5	4331	0.4863390493986172	366.0	0	0.0	823.5	0	0.0	823.5	0	0.0
CassandraWriteRequest	1500	92	277592.5	4436	0.49812976752072635	277592.5	4500	0.5053164909475357	370.0	0	0.0	832.5	0	0.0	832.5	0	0.0
CassandraWriteRequest	1500	93	280593.5	4500	0.5053164909475357	280593.5	4500	0.5053164909475357	374.0	0	0.0	841.5	0	0.0	841.5	0	0.0
CassandraWriteRequest	1500	94	283594.5	4498	0.5050919058404479	283594.5	4497	0.5049796132869041	378.0	0	0.0	850.5	0	0.0	850.5	0	0.0
CassandraWriteRequest	1500	95	286595.5	4497	0.5049796132869041	286595.5	4496	0.5048673207333602	382.0	0	0.0	859.5	0	0.0	859.5	0	0.0
CassandraWriteRequest	1500	96	289596.5	4307	0.48364402811356366	289596.5	4309	0.4838686132206515	386.0	0	0.0	868.5	0	0.0	868.5	0	0.0
CassandraWriteRequest	1500	97	292597.5	4500	0.5053164909475357	292597.5	4500	0.5053164909475357	390.0	0	0.0	877.5	0	0.0	877.5	0	0.0
CassandraWriteRequest	1500	98	295598.5	4500	0.5053164909475357	295598.5	4500	0.5053164909475357	394.0	0	0.0	886.5	0	0.0	886.5	0	0.0
CassandraWriteRequest	1500	99	298599.5	4423	0.4966699643246557	298599.5	4384	0.49229055473644373	398.0	0	0.0	895.5	0	0.0	895.5	0	0.0
CassandraWriteRequest	1500	100	301600.5	4389	0.49285201750416324	301600.5	4412	0.49543474623567285	402.0	0	0.0	904.5	0	0.0	904.5	0	0.0
CassandraWriteRequest	1500	101	304601.5	4323	0.48544070897026603	304601.5	4312	0.4842054908812832	406.0	0	0.0	913.5	0	0.0	913.5	0	0.0
CassandraWriteRequest	1500	102	307602.5	4421	0.49644537921756793	307602.5	4446	0.4992526930561653	410.0	0	0.0	922.5	0	0.0	922.5	0	0.0
CassandraWriteRequest	1500	103	310603.5	4491	0.5043058579656406	310603.5	4493	0.5045304430727285	414.0	0	0.0	931.5	0	0.0	931.5	0	0.0
CassandraWriteRequest	1500	104	313604.5	4464	0.5012739590199555	313604.5	4400	0.4940872355931461	418.0	0	0.0	940.5	0	0.0	940.5	0	0.0
CassandraWriteRequest	1500	105	316605.5	4347	0.48813573025531953	316605.5	4355	0.4890340706836707	422.0	0	0.0	949.5	0	0.0	949.5	0	0.0
CassandraWriteRequest	1500	106	319606.5	4364	0.4900447036655658	319606.5	4420	0.49633308666402404	426.0	0	0.0	958.5	0	0.0	958.5	0	0.0
CassandraWriteRequest	1500	107	322607.5	4491	0.5043058579656406	322607.5	4491	0.5043058579656406	430.0	2	2.2458510708779368E-4	967.5	0	0.0	967.5	0	0.0
CassandraWriteRequest	1500	108	325608.5	4496	0.5048673207333602	325608.5	4489	0.5040812728585529	434.0	6	6.73755321263381E-4	976.5	0	0.0	976.5	0	0.0
CassandraWriteRequest	1500	109	328609.5	4493	0.5045304430727285	328609.5	4500	0.5053164909475357	438.0	0	0.0	985.5	0	0.0	985.5	0	0.0
CassandraWriteRequest	1500	110	331610.5	4479	0.502958347323114	331610.5	4479	0.502958347323114	442.0	0	0.0	994.5	0	0.0	994.5	0	0.0
CassandraWriteRequest	1500	111	334611.5	4484	0.5035198100908335	334611.5	4482	0.5032952249837457	446.0	0	0.0	1003.5	0	0.0	1003.5	0	0.0
CassandraWriteRequest	1500	112	337612.5	4465	0.5013862515734994	337612.5	4467	0.5016108366805871	450.0	0	0.0	1012.5	0	0.0	1012.5	0	0.0
CassandraWriteRequest	1500	113	340613.5	4499	0.5052041983939919	340613.5	4485	0.5036321026443773	454.0	0	0.0	1021.5	0	0.0	1021.5	0	0.0
CassandraWriteRequest	1500	114	343614.5	4451	0.49981415582388483	343614.5	4464	0.5012739590199555	458.0	0	0.0	1030.5	0	0.0	1030.5	0	0.0
CassandraWriteRequest	1500	115	346615.5	4466	0.5014985441270433	346615.5	4467	0.5016108366805871	462.0	0	0.0	1039.5	0	0.0	1039.5	0	0.0
CassandraWriteRequest	1500	116	349616.5	4492	0.5044181505191846	349616.5	4475	0.5025091771089384	466.0	0	0.0	1048.5	0	0.0	1048.5	0	0.0
CassandraWriteRequest	1500	117	352617.5	4477	0.5027337622160262	352617.5	4488	0.503968980305009	470.0	0	0.0	1057.5	0	0.0	1057.5	0	0.0
CassandraWriteRequest	1500	118	355618.5	4454	0.5001510334845165	355618.5	4448	0.49947727816325316	474.0	0	0.0	1066.5	0	0.0	1066.5	0	0.0
CassandraWriteRequest	1500	119	358619.5	4486	0.5037443951979212	358619.5	4497	0.5049796132869041	478.0	0	0.0	1075.5	0	0.0	1075.5	0	0.0
CassandraWriteRequest	1500	120	361620.5	4334	0.4866759270592489	361620.5	4300	0.4828579802387564	482.0	0	0.0	1084.5	0	0.0	1084.5	0	0.0
CassandraWriteRequest	1500	121	364621.5	4441	0.49869123028844586	364621.5	4451	0.49981415582388483	486.0	0	0.0	1093.5	0	0.0	1093.5	0	0.0
CassandraWriteRequest	1500	122	367622.5	4455	0.5002633260380605	367622.5	4474	0.5023968845553944	490.0	0	0.0	1102.5	0	0.0	1102.5	0	0.0
CassandraWriteRequest	1500	123	370623.5	4472	0.5021722994483067	370623.5	4477	0.5027337622160262	494.0	0	0.0	1111.5	0	0.0	1111.5	0	0.0
CassandraWriteRequest	1500	124	373624.5	4464	0.5012739590199555	373624.5	4452	0.4999264483774287	498.0	0	0.0	1120.5	0	0.0	1120.5	0	0.0
CassandraWriteRequest	1500	125	376625.5	4463	0.5011616664664116	376625.5	4469	0.5018354217876749	502.0	0	0.0	1129.5	0	0.0	1129.5	0	0.0
CassandraWriteRequest	1500	126	379626.5	4453	0.5000387409309727	379626.5	4398	0.4938626504860583	506.0	0	0.0	1138.5	0	0.0	1138.5	0	0.0
CassandraWriteRequest	1500	127	382627.5	4423	0.4966699643246557	382627.5	4485	0.5036321026443773	510.0	0	0.0	1147.5	0	0.0	1147.5	0	0.0
CassandraWriteRequest	1500	128	385628.5	4491	0.5043058579656406	385628.5	4489	0.5040812728585529	514.0	0	0.0	1156.5	0	0.0	1156.5	0	0.0
CassandraWriteRequest	1500	129	388629.5	4488	0.503968980305009	388629.5	4489	0.5040812728585529	518.0	0	0.0	1165.5	0	0.0	1165.5	0	0.0
CassandraWriteRequest	1500	130	391630.5	4485	0.5036321026443773	391630.5	4481	0.5031829324302017	522.0	0	0.0	1174.5	0	0.0	1174.5	0	0.0
CassandraWriteRequest	1500	131	394631.5	4482	0.5032952249837457	394631.5	4487	0.5038566877514651	526.0	0	0.0	1183.5	0	0.0	1183.5	0	0.0
CassandraWriteRequest	1500	132	397632.5	4499	0.5052041983939919	397632.5	4499	0.5052041983939919	530.0	0	0.0	1192.5	0	0.0	1192.5	0	0.0
CassandraWriteRequest	1500	133	400633.5	4500	0.5053164909475357	400633.5	4498	0.5050919058404479	534.0	0	0.0	1201.5	0	0.0	1201.5	0	0.0
CassandraWriteRequest	1500	134	403634.5	4479	0.502958347323114	403634.5	4479	0.502958347323114	538.0	0	0.0	1210.5	0	0.0	1210.5	0	0.0
CassandraWriteRequest	1500	135	406635.5	4488	0.503968980305009	406635.5	4485	0.5036321026443773	542.0	0	0.0	1219.5	0	0.0	1219.5	0	0.0
CassandraWriteRequest	1500	136	409636.5	4418	0.49610850155693625	409636.5	4403	0.4944241132537778	546.0	0	0.0	1228.5	0	0.0	1228.5	0	0.0
CassandraWriteRequest	1500	137	412637.5	4370	0.4907184589868292	412637.5	4373	0.49105533664746087	550.0	0	0.0	1237.5	0	0.0	1237.5	0	0.0
CassandraWriteRequest	1500	138	415638.5	4483	0.5034075175372895	415638.5	4500	0.5053164909475357	554.0	0	0.0	1246.5	0	0.0	1246.5	0	0.0
CassandraWriteRequest	1500	139	418639.5	4476	0.5026214696624822	418639.5	4470	0.5019477143412189	558.0	0	0.0	1255.5	0	0.0	1255.5	0	0.0
CassandraWriteRequest	1500	140	421640.5	4490	0.5041935654120968	421640.5	4496	0.5048673207333602	562.0	0	0.0	1264.5	0	0.0	1264.5	0	0.0
CassandraWriteRequest	1500	141	424641.5	4499	0.5052041983939919	424641.5	4498	0.5050919058404479	566.0	0	0.0	1273.5	0	0.0	1273.5	0	0.0
CassandraWriteRequest	1500	142	427642.5	4447	0.4993649856097092	427642.5	4442	0.49880352284198975	570.0	0	0.0	1282.5	0	0.0	1282.5	0	0.0
CassandraWriteRequest	1500	143	430643.5	4449	0.49958957071679705	430643.5	4449	0.49958957071679705	574.0	0	0.0	1291.5	0	0.0	1291.5	0	0.0
CassandraWriteRequest	1500	144	433644.5	4483	0.5034075175372895	433644.5	4481	0.5031829324302017	578.0	0	0.0	1300.5	0	0.0	1300.5	0	0.0
CassandraWriteRequest	1500	145	436645.5	4489	0.5040812728585529	436645.5	4486	0.5037443951979212	582.0	0	0.0	1309.5	0	0.0	1309.5	0	0.0
CassandraWriteRequest	1500	146	439646.5	4481	0.5031829324302017	439646.5	4492	0.5044181505191846	586.0	0	0.0	1318.5	0	0.0	1318.5	0	0.0
CassandraWriteRequest	1500	147	442647.5	4473	0.5022845920018506	442647.5	4473	0.5022845920018506	590.0	0	0.0	1327.5	0	0.0	1327.5	0	0.0
CassandraWriteRequest	1500	148	445648.5	4433	0.4977928898600947	445648.5	4369	0.4906061664332853	594.0	0	0.0	1336.5	0	0.0	1336.5	0	0.0
CassandraWriteRequest	1500	149	448649.5	4436	0.49812976752072635	448649.5	4500	0.5053164909475357	598.0	0	0.0	1345.5	0	0.0	1345.5	0	0.0
CassandraWriteRequest	1500	150	451650.5	4500	0.5053164909475357	451650.5	4500	0.5053164909475357	602.0	0	0.0	1354.5	0	0.0	1354.5	0	0.0
CassandraWriteRequest	1500	151	454651.5	4497	0.5049796132869041	454651.5	4497	0.5049796132869041	606.0	0	0.0	1363.5	0	0.0	1363.5	0	0.0
CassandraWriteRequest	1500	152	457652.5	4481	0.5031829324302017	457652.5	4481	0.5031829324302017	610.0	0	0.0	1372.5	0	0.0	1372.5	0	0.0
CassandraWriteRequest	1500	153	460653.5	4379	0.4917290919687243	460653.5	4377	0.49150450686163644	614.0	0	0.0	1381.5	0	0.0	1381.5	0	0.0
CassandraWriteRequest	1500	154	463654.5	4498	0.5050919058404479	463654.5	4500	0.5053164909475357	618.0	0	0.0	1390.5	0	0.0	1390.5	0	0.0
CassandraWriteRequest	1500	155	466655.5	4498	0.5050919058404479	466655.5	4498	0.5050919058404479	622.0	0	0.0	1399.5	0	0.0	1399.5	0	0.0
CassandraWriteRequest	1500	156	469656.5	4498	0.5050919058404479	469656.5	4498	0.5050919058404479	626.0	0	0.0	1408.5	0	0.0	1408.5	0	0.0
CassandraWriteRequest	1500	157	472657.5	4498	0.5050919058404479	472657.5	4478	0.50284605476957	630.0	0	0.0	1417.5	0	0.0	1417.5	0	0.0
CassandraWriteRequest	1500	158	475658.5	4480	0.5030706398766578	475658.5	4500	0.5053164909475357	634.0	0	0.0	1426.5	0	0.0	1426.5	0	0.0
CassandraWriteRequest	1500	159	478659.5	4495	0.5047550281798163	478659.5	4494	0.5046427356262724	638.0	0	0.0	1435.5	0	0.0	1435.5	0	0.0
CassandraWriteRequest	1500	160	481660.5	4311	0.4840931983277393	481660.5	4291	0.48184734725686135	642.0	0	0.0	1444.5	0	0.0	1444.5	0	0.0
CassandraWriteRequest	1500	161	484661.5	4329	0.48611446429152944	484661.5	4350	0.48847260791595126	646.0	0	0.0	1453.5	0	0.0	1453.5	0	0.0
CassandraWriteRequest	1500	162	487662.5	4487	0.5038566877514651	487662.5	4484	0.5035198100908335	650.0	0	0.0	1462.5	0	0.0	1462.5	0	0.0
CassandraWriteRequest	1500	163	490663.5	4497	0.5049796132869041	490663.5	4500	0.5053164909475357	654.0	0	0.0	1471.5	0	0.0	1471.5	0	0.0
CassandraWriteRequest	1500	164	493664.5	4486	0.5037443951979212	493664.5	4481	0.5031829324302017	658.0	0	0.0	1480.5	0	0.0	1480.5	0	0.0
CassandraWriteRequest	1500	165	496665.5	4453	0.5000387409309727	496665.5	4457	0.5004879111451482	662.0	0	0.0	1489.5	0	0.0	1489.5	0	0.0
CassandraWriteRequest	1500	166	499666.5	4493	0.5045304430727285	499666.5	4494	0.5046427356262724	666.0	0	0.0	1498.5	0	0.0	1498.5	0	0.0
CassandraWriteRequest	1500	167	502667.5	4491	0.5043058579656406	502667.5	4447	0.4993649856097092	670.0	0	0.0	1507.5	0	0.0	1507.5	0	0.0
CassandraWriteRequest	1500	168	505668.5	4419	0.49622079411048015	505668.5	4458	0.5006002036986921	674.0	0	0.0	1516.5	0	0.0	1516.5	0	0.0
CassandraWriteRequest	1500	169	508669.5	4474	0.5023968845553944	508669.5	4465	0.5013862515734994	678.0	0	0.0	1525.5	0	0.0	1525.5	0	0.0
CassandraWriteRequest	1500	170	511670.5	4485	0.5036321026443773	511670.5	4499	0.5052041983939919	682.0	0	0.0	1534.5	0	0.0	1534.5	0	0.0
CassandraWriteRequest	1500	171	514671.5	4487	0.5038566877514651	514671.5	4487	0.5038566877514651	686.0	7	7.860478748072778E-4	1543.5	0	0.0	1543.5	0	0.0
CassandraWriteRequest	1500	172	517672.5	4345	0.48791114514823175	517672.5	4289	0.48162276214977356	690.0	29	0.003256484052773008	1552.5	0	0.0	1552.5	0	0.0
CassandraWriteRequest	1500	173	520673.5	3962	0.44490309714091925	520673.5	3954	0.4440047567125681	694.0	18	0.002021265963790143	1561.5	0	0.0	1561.5	0	0.0
CassandraWriteRequest	1500	174	523674.5	4436	0.49812976752072635	523674.5	4500	0.5053164909475357	698.0	0	0.0	1570.5	0	0.0	1570.5	0	0.0
CassandraWriteRequest	1500	175	526675.5	4258	0.4781416929899127	526675.5	4252	0.47746793766864937	702.0	1	1.1229255354389684E-4	1579.5	0	0.0	1579.5	0	0.0
CassandraWriteRequest	1500	176	529676.5	4436	0.49812976752072635	529676.5	4434	0.49790518241363857	706.0	0	0.0	1588.5	0	0.0	1588.5	0	0.0
CassandraWriteRequest	1500	177	532677.5	4362	0.489820118558478	532677.5	4306	0.48353173556001977	710.0	0	0.0	1597.5	0	0.0	1597.5	0	0.0
CassandraWriteRequest	1500	178	535678.5	4401	0.49419952814669	535678.5	4437	0.49824206007427024	714.0	0	0.0	1606.5	0	0.0	1606.5	0	0.0
CassandraWriteRequest	1500	179	538679.5	4456	0.5003756185916043	538679.5	4478	0.50284605476957	718.0	0	0.0	1615.5	0	0.0	1615.5	0	0.0
CassandraWriteRequest	1500	180	541680.5	4236	0.475671256811947	541680.5	4212	0.4729762355268935	722.0	0	0.0	1624.5	0	0.0	1624.5	0	0.0
CassandraWriteRequest	1500	181	544681.5	4432	0.4976805973065508	544681.5	4438	0.4983543526278142	726.0	0	0.0	1633.5	0	0.0	1633.5	0	0.0
CassandraWriteRequest	1500	182	547682.5	4459	0.500712496252236	547682.5	4483	0.5034075175372895	730.0	0	0.0	1642.5	0	0.0	1642.5	0	0.0
CassandraWriteRequest	1500	183	550683.5	4487	0.5038566877514651	550683.5	4482	0.5032952249837457	734.0	0	0.0	1651.5	0	0.0	1651.5	0	0.0
CassandraWriteRequest	1500	184	553684.5	4493	0.5045304430727285	553684.5	4498	0.5050919058404479	738.0	0	0.0	1660.5	0	0.0	1660.5	0	0.0
CassandraWriteRequest	1500	185	556685.5	4483	0.5034075175372895	556685.5	4482	0.5032952249837457	742.0	0	0.0	1669.5	0	0.0	1669.5	0	0.0
CassandraWriteRequest	1500	186	559686.5	4499	0.5052041983939919	559686.5	4500	0.5053164909475357	746.0	0	0.0	1678.5	0	0.0	1678.5	0	0.0
CassandraWriteRequest	1500	187	562687.5	4495	0.5047550281798163	562687.5	4491	0.5043058579656406	750.0	0	0.0	1687.5	0	0.0	1687.5	0	0.0
CassandraWriteRequest	1500	188	565688.5	4474	0.5023968845553944	565688.5	4474	0.5023968845553944	754.0	0	0.0	1696.5	0	0.0	1696.5	0	0.0
CassandraWriteRequest	1500	189	568689.5	4495	0.5047550281798163	568689.5	4497	0.5049796132869041	758.0	0	0.0	1705.5	0	0.0	1705.5	0	0.0
CassandraWriteRequest	1500	190	571690.5	4497	0.5049796132869041	571690.5	4499	0.5052041983939919	762.0	0	0.0	1714.5	0	0.0	1714.5	0	0.0
CassandraWriteRequest	1500	191	574691.5	4309	0.4838686132206515	574691.5	4245	0.4766818897938421	766.0	0	0.0	1723.5	0	0.0	1723.5	0	0.0
CassandraWriteRequest	1500	192	577692.5	4354	0.4889217781301268	577692.5	4406	0.49476099091440945	770.0	0	0.0	1732.5	0	0.0	1732.5	0	0.0
CassandraWriteRequest	1500	193	580693.5	4483	0.5034075175372895	580693.5	4495	0.5047550281798163	774.0	0	0.0	1741.5	0	0.0	1741.5	0	0.0
CassandraWriteRequest	1500	194	583694.5	4491	0.5043058579656406	583694.5	4490	0.5041935654120968	778.0	0	0.0	1750.5	0	0.0	1750.5	0	0.0
CassandraWriteRequest	1500	195	586695.5	4434	0.49790518241363857	586695.5	4431	0.4975683047530069	782.0	0	0.0	1759.5	0	0.0	1759.5	0	0.0
CassandraWriteRequest	1500	196	589696.5	4391	0.493076602611251	589696.5	4331	0.4863390493986172	786.0	0	0.0	1768.5	0	0.0	1768.5	0	0.0
CassandraWriteRequest	1500	197	592697.5	4413	0.49554703878921674	592697.5	4443	0.49891581539553365	790.0	0	0.0	1777.5	0	0.0	1777.5	0	0.0
CassandraWriteRequest	1500	198	595698.5	4455	0.5002633260380605	595698.5	4485	0.5036321026443773	794.0	0	0.0	1786.5	0	0.0	1786.5	0	0.0
CassandraWriteRequest	1500	199	598699.5	4405	0.49464869836086556	598699.5	4409	0.4950978685750412	798.0	0	0.0	1795.5	0	0.0	1795.5	0	0.0
