'Request type'	'Load'	'Bucket'	'Start time'	'Absolute'	'Percent of requests'	'End time'	'Absolute'	'Percent of requests'	'Residence time'	'Absolute'	'Percent of requests'	'Theor. think time'	'Absolute'	'Percent of requests'	'Actual think time'	'Absolute'	'Percent of requests'
CassandraWriteRequest	3500	0	1500.5	10412	0.5075239004664326	1500.5	10388	0.5063540413028527	3.0	1265279	61.67492635980286	5.5	2051529	100.0	5.5	2051529	100.0
CassandraWriteRequest	3500	1	4501.5	10159	0.49519163511702735	4501.5	10180	0.4962152618851598	9.0	467984	22.811473783699867	16.5	0	0.0	16.5	0	0.0
CassandraWriteRequest	3500	2	7502.5	10238	0.499042421530478	7502.5	10186	0.4965077266760548	15.0	174643	8.512821412712178	27.5	0	0.0	27.5	0	0.0
CassandraWriteRequest	3500	3	10503.5	10414	0.5076213887300642	10503.5	10433	0.5085475272345651	21.0	73139	3.565097056878065	38.5	0	0.0	38.5	0	0.0
CassandraWriteRequest	3500	4	13504.5	10048	0.4897810364854701	13504.5	10081	0.4913895928353925	27.0	31295	1.5254476051764319	49.5	0	0.0	49.5	0	0.0
CassandraWriteRequest	3500	5	16505.5	10496	0.5116184075389624	16505.5	10499	0.5117646399344099	33.0	12996	0.63347873707854	60.5	0	0.0	60.5	0	0.0
CassandraWriteRequest	3500	6	19506.5	10385	0.5062078089074051	19506.5	10321	0.503088184471192	39.0	5616	0.273747044277707	71.5	0	0.0	71.5	0	0.0
CassandraWriteRequest	3500	7	22507.5	10261	0.5001635365622421	22507.5	10312	0.5026494872848495	45.0	2561	0.12483372158034325	82.5	0	0.0	82.5	0	0.0
CassandraWriteRequest	3500	8	25508.5	10338	0.5039168347120612	25508.5	10345	0.5042580436347719	51.0	1630	0.07945293485980456	93.5	0	0.0	93.5	0	0.0
CassandraWriteRequest	3500	9	28509.5	10493	0.511472175143515	28509.5	10438	0.5087912478936442	57.0	1378	0.06716941364221515	104.5	0	0.0	104.5	0	0.0
CassandraWriteRequest	3500	10	31510.5	10351	0.504550508425667	31510.5	10404	0.507133947411906	63.0	1350	0.06580457795137189	115.5	0	0.0	115.5	0	0.0
CassandraWriteRequest	3500	11	34511.5	10301	0.5021133018348753	34511.5	10245	0.49938363045318884	69.0	1328	0.0647322070514236	126.5	0	0.0	126.5	0	0.0
CassandraWriteRequest	3500	12	37512.5	9894	0.48227444018583215	37512.5	9920	0.4835417876130437	75.0	1476	0.07194633856016659	137.5	0	0.0	137.5	0	0.0
CassandraWriteRequest	3500	13	40513.5	10404	0.507133947411906	40513.5	10401	0.5069877150164585	81.0	1183	0.0576643079381281	148.5	0	0.0	148.5	0	0.0
CassandraWriteRequest	3500	14	43514.5	9232	0.450005824923752	43514.5	9209	0.44888470989198787	87.0	1050	0.051181338406622576	159.5	0	0.0	159.5	0	0.0
CassandraWriteRequest	3500	15	46515.5	10416	0.5077188769936959	46515.5	10455	0.5096198981345134	93.0	848	0.04133502377982471	170.5	0	0.0	170.5	0	0.0
CassandraWriteRequest	3500	16	49516.5	9794	0.47740002700424905	49516.5	9819	0.4786186302996448	99.0	784	0.038215399343611525	181.5	0	0.0	181.5	0	0.0
CassandraWriteRequest	3500	17	52517.5	10500	0.5118133840662258	52517.5	10500	0.5118133840662258	105.0	852	0.04153000030708803	192.5	0	0.0	192.5	0	0.0
CassandraWriteRequest	3500	18	55518.5	10500	0.5118133840662258	55518.5	10500	0.5118133840662258	111.0	843	0.041091303120745555	203.5	0	0.0	203.5	0	0.0
CassandraWriteRequest	3500	19	58519.5	10500	0.5118133840662258	58519.5	10500	0.5118133840662258	117.0	784	0.038215399343611525	214.5	0	0.0	214.5	0	0.0
CassandraWriteRequest	3500	20	61520.5	10342	0.5041118112393245	61520.5	10278	0.5009921868031113	123.0	583	0.028417828848629485	225.5	0	0.0	225.5	0	0.0
CassandraWriteRequest	3500	21	64521.5	10364	0.5051841821392727	64521.5	10427	0.50825506244367	129.0	572	0.027881643398655346	236.5	0	0.0	236.5	0	0.0
CassandraWriteRequest	3500	22	67522.5	10362	0.5050866938756411	67522.5	10299	0.5020158135712437	135.0	454	0.022129835844387283	247.5	0	0.0	247.5	0	0.0
CassandraWriteRequest	3500	23	70523.5	9956	0.48529657635841367	70523.5	9956	0.48529657635841367	141.0	334	0.016280540026487562	258.5	0	0.0	258.5	0	0.0
CassandraWriteRequest	3500	24	73524.5	10436	0.5086937596300125	73524.5	10500	0.5118133840662258	147.0	343	0.01671923721283004	269.5	0	0.0	269.5	0	0.0
CassandraWriteRequest	3500	25	76525.5	10500	0.5118133840662258	76525.5	10500	0.5118133840662258	153.0	274	0.0133558921175377	280.5	0	0.0	280.5	0	0.0
CassandraWriteRequest	3500	26	79526.5	10500	0.5118133840662258	79526.5	10500	0.5118133840662258	159.0	173	0.008432734804138767	291.5	0	0.0	291.5	0	0.0
CassandraWriteRequest	3500	27	82527.5	10429	0.5083525507073018	82527.5	10425	0.5081575741800384	165.0	247	0.012039800558510262	302.5	0	0.0	302.5	0	0.0
CassandraWriteRequest	3500	28	85528.5	9694	0.47252561382266595	85528.5	9687	0.4721844048999551	171.0	243	0.01184482403124694	313.5	0	0.0	313.5	0	0.0
CassandraWriteRequest	3500	29	88529.5	10421	0.5079625976527751	88529.5	10409	0.5073776680709852	177.0	240	0.011698591635799446	324.5	0	0.0	324.5	0	0.0
CassandraWriteRequest	3500	30	91530.5	10450	0.5093761774754342	91530.5	10438	0.5087912478936442	183.0	164	0.007994037617796287	335.5	0	0.0	335.5	0	0.0
CassandraWriteRequest	3500	31	94531.5	10415	0.5076701328618801	94531.5	10447	0.5092299450799866	189.0	146	0.007116643245111329	346.5	0	0.0	346.5	0	0.0
CassandraWriteRequest	3500	32	97532.5	9363	0.4563913061916259	97532.5	9302	0.4534179141508602	195.0	146	0.007116643245111329	357.5	0	0.0	357.5	0	0.0
CassandraWriteRequest	3500	33	100533.5	10372	0.5055741351937993	100533.5	10435	0.5086450154981967	201.0	99	0.004825669049767271	368.5	0	0.0	368.5	0	0.0
CassandraWriteRequest	3500	34	103534.5	10406	0.5072314356755376	103534.5	10401	0.5069877150164585	207.0	107	0.0052156221042939195	379.5	0	0.0	379.5	0	0.0
CassandraWriteRequest	3500	35	106535.5	10467	0.5102048277163033	106535.5	10459	0.5098148746617767	213.0	72	0.0035095774907398336	390.5	0	0.0	390.5	0	0.0
CassandraWriteRequest	3500	36	109536.5	10480	0.5108385014299092	109536.5	10493	0.511472175143515	219.0	32	0.0015598122181065927	401.5	0	0.0	401.5	0	0.0
CassandraWriteRequest	3500	37	112537.5	10483	0.5109847338253566	112537.5	10478	0.5107410131662774	225.0	9	4.386971863424792E-4	412.5	0	0.0	412.5	0	0.0
CassandraWriteRequest	3500	38	115538.5	10478	0.5107410131662774	115538.5	10482	0.5109359896935408	231.0	3	1.4623239544749308E-4	423.5	0	0.0	423.5	0	0.0
CassandraWriteRequest	3500	39	118539.5	9795	0.4774487711360649	118539.5	9733	0.47442663496348336	237.0	5	2.437206590791551E-4	434.5	0	0.0	434.5	0	0.0
CassandraWriteRequest	3500	40	121540.5	10127	0.49363182289892077	121540.5	10177	0.4960690294897123	243.0	17	8.286502408691274E-4	445.5	0	0.0	445.5	0	0.0
CassandraWriteRequest	3500	41	124541.5	10418	0.5078163652573277	124541.5	10412	0.5075239004664326	249.0	34	0.0016573004817382548	456.5	0	0.0	456.5	0	0.0
CassandraWriteRequest	3500	42	127542.5	10043	0.489537315826391	127542.5	9999	0.4873925740264944	255.0	7	3.4120892271081717E-4	467.5	0	0.0	467.5	0	0.0
CassandraWriteRequest	3500	43	130543.5	9959	0.48544280875386114	130543.5	9959	0.48544280875386114	261.0	8	3.899530545266482E-4	478.5	0	0.0	478.5	0	0.0
CassandraWriteRequest	3500	44	133544.5	10384	0.5061590647755894	133544.5	10433	0.5085475272345651	267.0	0	0.0	489.5	0	0.0	489.5	0	0.0
CassandraWriteRequest	3500	45	136545.5	10380	0.5059640882483261	136545.5	10395	0.5066952502255635	273.0	9	4.386971863424792E-4	500.5	0	0.0	500.5	0	0.0
CassandraWriteRequest	3500	46	139546.5	10500	0.5118133840662258	139546.5	10487	0.5111797103526199	279.0	7	3.4120892271081717E-4	511.5	0	0.0	511.5	0	0.0
CassandraWriteRequest	3500	47	142547.5	10459	0.5098148746617767	142547.5	10457	0.509717386398145	285.0	13	6.336737136058033E-4	522.5	0	0.0	522.5	0	0.0
CassandraWriteRequest	3500	48	145548.5	10182	0.49631275014879145	145548.5	10133	0.4939242876898158	291.0	4	1.949765272633241E-4	533.5	0	0.0	533.5	0	0.0
CassandraWriteRequest	3500	49	148549.5	10384	0.5061590647755894	148549.5	10418	0.5078163652573277	297.0	0	0.0	544.5	0	0.0	544.5	0	0.0
CassandraWriteRequest	3500	50	151550.5	10406	0.5072314356755376	151550.5	10406	0.5072314356755376	303.0	0	0.0	555.5	0	0.0	555.5	0	0.0
CassandraWriteRequest	3500	51	154551.5	10422	0.508011341784591	154551.5	10394	0.5066465060937476	309.0	2	9.748826363166205E-5	566.5	0	0.0	566.5	0	0.0
CassandraWriteRequest	3500	52	157552.5	10332	0.5036243699211661	157552.5	10390	0.5064515295664843	315.0	1	4.874413181583102E-5	577.5	0	0.0	577.5	0	0.0
CassandraWriteRequest	3500	53	160553.5	9897	0.48242067258127963	160553.5	9839	0.4795935129359614	321.0	0	0.0	588.5	0	0.0	588.5	0	0.0
CassandraWriteRequest	3500	54	163554.5	9782	0.4768150974224591	163554.5	9776	0.4765226326315641	327.0	0	0.0	599.5	0	0.0	599.5	0	0.0
CassandraWriteRequest	3500	55	166555.5	10436	0.5086937596300125	166555.5	10499	0.5117646399344099	333.0	0	0.0	610.5	0	0.0	610.5	0	0.0
CassandraWriteRequest	3500	56	169556.5	10499	0.5117646399344099	169556.5	10500	0.5118133840662258	339.0	1	4.874413181583102E-5	621.5	0	0.0	621.5	0	0.0
CassandraWriteRequest	3500	57	172557.5	10306	0.5023570224939545	172557.5	10242	0.4992373980577413	345.0	3	1.4623239544749308E-4	632.5	0	0.0	632.5	0	0.0
CassandraWriteRequest	3500	58	175558.5	9967	0.4858327618083878	175558.5	9972	0.486076482467467	351.0	0	0.0	643.5	0	0.0	643.5	0	0.0
CassandraWriteRequest	3500	59	178559.5	10213	0.49782381823508226	178559.5	10214	0.4978725623668981	357.0	0	0.0	654.5	0	0.0	654.5	0	0.0
CassandraWriteRequest	3500	60	181560.5	10327	0.5033806492620869	181560.5	10346	0.5043067877665878	363.0	13	6.336737136058033E-4	665.5	0	0.0	665.5	0	0.0
CassandraWriteRequest	3500	61	184561.5	10314	0.5027469755484811	184561.5	10335	0.5037706023166136	369.0	15	7.311619772374653E-4	676.5	0	0.0	676.5	0	0.0
CassandraWriteRequest	3500	62	187562.5	10370	0.5054766469301677	187562.5	10370	0.5054766469301677	375.0	2	9.748826363166205E-5	687.5	0	0.0	687.5	0	0.0
CassandraWriteRequest	3500	63	190563.5	10417	0.5077676211255118	190563.5	10371	0.5055253910619836	381.0	1	4.874413181583102E-5	698.5	0	0.0	698.5	0	0.0
CassandraWriteRequest	3500	64	193564.5	10427	0.50825506244367	193564.5	10483	0.5109847338253566	387.0	0	0.0	709.5	0	0.0	709.5	0	0.0
CassandraWriteRequest	3500	65	196565.5	10312	0.5026494872848495	196565.5	10278	0.5009921868031113	393.0	2	9.748826363166205E-5	720.5	0	0.0	720.5	0	0.0
CassandraWriteRequest	3500	66	199566.5	10104	0.49251070786715667	199566.5	10084	0.49153582523084005	399.0	2	9.748826363166205E-5	731.5	0	0.0	731.5	0	0.0
CassandraWriteRequest	3500	67	202567.5	10169	0.49567907643518566	202567.5	10168	0.49563033230336984	405.0	0	0.0	742.5	0	0.0	742.5	0	0.0
CassandraWriteRequest	3500	68	205568.5	10350	0.5045017642938511	205568.5	10349	0.5044530201620353	411.0	1	4.874413181583102E-5	753.5	0	0.0	753.5	0	0.0
CassandraWriteRequest	3500	69	208569.5	10391	0.5065002736983002	208569.5	10451	0.5094249216072501	417.0	0	0.0	764.5	0	0.0	764.5	0	0.0
CassandraWriteRequest	3500	70	211570.5	8291	0.404137596885055	211570.5	8232	0.401261693107921	423.0	1	4.874413181583102E-5	775.5	0	0.0	775.5	0	0.0
CassandraWriteRequest	3500	71	214571.5	10173	0.495874052962449	214571.5	10180	0.4962152618851598	429.0	13	6.336737136058033E-4	786.5	0	0.0	786.5	0	0.0
CassandraWriteRequest	3500	72	217572.5	10258	0.5000173041667947	217572.5	10256	0.499919815903163	435.0	28	0.0013648356908432687	797.5	0	0.0	797.5	0	0.0
CassandraWriteRequest	3500	73	220573.5	10375	0.5057203675892469	220573.5	10433	0.5085475272345651	441.0	4	1.949765272633241E-4	808.5	0	0.0	808.5	0	0.0
CassandraWriteRequest	3500	74	223574.5	10187	0.49655647080787063	223574.5	10187	0.49655647080787063	447.0	3	1.4623239544749308E-4	819.5	0	0.0	819.5	0	0.0
CassandraWriteRequest	3500	75	226575.5	10260	0.5001147924304263	226575.5	10196	0.4969951679942131	453.0	1	4.874413181583102E-5	830.5	0	0.0	830.5	0	0.0
CassandraWriteRequest	3500	76	229576.5	10105	0.4925594519989725	229576.5	10108	0.49270568439442	459.0	1	4.874413181583102E-5	841.5	0	0.0	841.5	0	0.0
CassandraWriteRequest	3500	77	232577.5	10378	0.5058665999846944	232577.5	10439	0.50883999202546	465.0	1	4.874413181583102E-5	852.5	0	0.0	852.5	0	0.0
CassandraWriteRequest	3500	78	235578.5	10424	0.5081088300482226	235578.5	10424	0.5081088300482226	471.0	1	4.874413181583102E-5	863.5	0	0.0	863.5	0	0.0
CassandraWriteRequest	3500	79	238579.5	10322	0.5031369286030078	238579.5	10319	0.5029906962075603	477.0	3	1.4623239544749308E-4	874.5	0	0.0	874.5	0	0.0
CassandraWriteRequest	3500	80	241580.5	10481	0.5108872455617249	241580.5	10445	0.509132456816355	483.0	1	4.874413181583102E-5	885.5	0	0.0	885.5	0	0.0
CassandraWriteRequest	3500	81	244581.5	10374	0.505671623457431	244581.5	10365	0.5052329262710885	489.0	1	4.874413181583102E-5	896.5	0	0.0	896.5	0	0.0
CassandraWriteRequest	3500	82	247582.5	9923	0.48368802000849126	247582.5	9954	0.485199088094782	495.0	2	9.748826363166205E-5	907.5	0	0.0	907.5	0	0.0
CassandraWriteRequest	3500	83	250583.5	10157	0.4950941468533957	250583.5	10172	0.49582530883063314	501.0	2	9.748826363166205E-5	918.5	0	0.0	918.5	0	0.0
CassandraWriteRequest	3500	84	253584.5	10484	0.5110334779571725	253584.5	10440	0.5088887361572759	507.0	0	0.0	929.5	0	0.0	929.5	0	0.0
CassandraWriteRequest	3500	85	256585.5	10422	0.508011341784591	256585.5	10465	0.5101073394526716	513.0	2	9.748826363166205E-5	940.5	0	0.0	940.5	0	0.0
CassandraWriteRequest	3500	86	259586.5	10275	0.5008459544076638	259586.5	10215	0.4979213064987139	519.0	2	9.748826363166205E-5	951.5	0	0.0	951.5	0	0.0
CassandraWriteRequest	3500	87	262587.5	9801	0.47774123592695983	262587.5	9864	0.4808121162313572	525.0	1	4.874413181583102E-5	962.5	0	0.0	962.5	0	0.0
CassandraWriteRequest	3500	88	265588.5	10498	0.511715895802594	265588.5	10498	0.511715895802594	531.0	0	0.0	973.5	0	0.0	973.5	0	0.0
CassandraWriteRequest	3500	89	268589.5	10500	0.5118133840662258	268589.5	10500	0.5118133840662258	537.0	0	0.0	984.5	0	0.0	984.5	0	0.0
CassandraWriteRequest	3500	90	271590.5	10443	0.5090349685527233	271590.5	10379	0.5059153441165102	543.0	0	0.0	995.5	0	0.0	995.5	0	0.0
CassandraWriteRequest	3500	91	274591.5	10376	0.5057691117210626	274591.5	10376	0.5057691117210626	549.0	0	0.0	1006.5	0	0.0	1006.5	0	0.0
CassandraWriteRequest	3500	92	277592.5	10282	0.5011871633303746	277592.5	10293	0.5017233487803487	555.0	0	0.0	1017.5	0	0.0	1017.5	0	0.0
CassandraWriteRequest	3500	93	280593.5	10402	0.5070364591482743	280593.5	10454	0.5095711540026975	561.0	0	0.0	1028.5	0	0.0	1028.5	0	0.0
CassandraWriteRequest	3500	94	283594.5	10370	0.5054766469301677	283594.5	10347	0.5043555318984035	567.0	0	0.0	1039.5	0	0.0	1039.5	0	0.0
CassandraWriteRequest	3500	95	286595.5	9966	0.485784017676572	286595.5	9939	0.4844679261175445	573.0	0	0.0	1050.5	0	0.0	1050.5	0	0.0
CassandraWriteRequest	3500	96	289596.5	10302	0.5021620459666912	289596.5	10347	0.5043555318984035	579.0	0	0.0	1061.5	0	0.0	1061.5	0	0.0
CassandraWriteRequest	3500	97	292597.5	10420	0.5079138535209593	292597.5	10362	0.5050866938756411	585.0	0	0.0	1072.5	0	0.0	1072.5	0	0.0
CassandraWriteRequest	3500	98	295598.5	10034	0.4890986186400485	295598.5	10034	0.4890986186400485	591.0	0	0.0	1083.5	0	0.0	1083.5	0	0.0
CassandraWriteRequest	3500	99	298599.5	10436	0.5086937596300125	298599.5	10500	0.5118133840662258	597.0	0	0.0	1094.5	0	0.0	1094.5	0	0.0
CassandraWriteRequest	3500	100	301600.5	10497	0.5116671516707783	301600.5	10494	0.5115209192753307	603.0	0	0.0	1105.5	0	0.0	1105.5	0	0.0
CassandraWriteRequest	3500	101	304601.5	10493	0.511472175143515	304601.5	10495	0.5115696634071466	609.0	0	0.0	1116.5	0	0.0	1116.5	0	0.0
CassandraWriteRequest	3500	102	307602.5	9905	0.4828106256358063	307602.5	9857	0.4804709073086464	615.0	0	0.0	1127.5	0	0.0	1127.5	0	0.0
CassandraWriteRequest	3500	103	310603.5	10431	0.5084500389709334	310603.5	10480	0.5108385014299092	621.0	0	0.0	1138.5	0	0.0	1138.5	0	0.0
CassandraWriteRequest	3500	104	313604.5	10496	0.5116184075389624	313604.5	10496	0.5116184075389624	627.0	0	0.0	1149.5	0	0.0	1149.5	0	0.0
CassandraWriteRequest	3500	105	316605.5	10155	0.49499665858976405	316605.5	10091	0.49187703415355083	633.0	0	0.0	1160.5	0	0.0	1160.5	0	0.0
CassandraWriteRequest	3500	106	319606.5	10364	0.5051841821392727	319606.5	10367	0.5053304145347202	639.0	0	0.0	1171.5	0	0.0	1171.5	0	0.0
CassandraWriteRequest	3500	107	322607.5	9526	0.4643365996776063	322607.5	9587	0.467309991718372	645.0	0	0.0	1182.5	0	0.0	1182.5	0	0.0
CassandraWriteRequest	3500	108	325608.5	10500	0.5118133840662258	325608.5	10500	0.5118133840662258	651.0	19	9.261385045007894E-4	1193.5	0	0.0	1193.5	0	0.0
CassandraWriteRequest	3500	109	328609.5	10500	0.5118133840662258	328609.5	10494	0.5115209192753307	657.0	22	0.0010723708999482826	1204.5	0	0.0	1204.5	0	0.0
CassandraWriteRequest	3500	110	331610.5	10482	0.5109359896935408	331610.5	10486	0.5111309662208041	663.0	1	4.874413181583102E-5	1215.5	0	0.0	1215.5	0	0.0
CassandraWriteRequest	3500	111	334611.5	10428	0.5083038065754859	334611.5	10429	0.5083525507073018	669.0	0	0.0	1226.5	0	0.0	1226.5	0	0.0
CassandraWriteRequest	3500	112	337612.5	10289	0.5015283722530854	337612.5	10226	0.49845749194868805	675.0	0	0.0	1237.5	0	0.0	1237.5	0	0.0
CassandraWriteRequest	3500	113	340613.5	9517	0.46389790249126384	340613.5	9574	0.4666763180047662	681.0	0	0.0	1248.5	0	0.0	1248.5	0	0.0
CassandraWriteRequest	3500	114	343614.5	9916	0.4833468110857804	343614.5	9906	0.4828593697676221	687.0	1	4.874413181583102E-5	1259.5	0	0.0	1259.5	0	0.0
CassandraWriteRequest	3500	115	346615.5	10409	0.5073776680709852	346615.5	10414	0.5076213887300642	693.0	0	0.0	1270.5	0	0.0	1270.5	0	0.0
CassandraWriteRequest	3500	116	349616.5	10367	0.5053304145347202	349616.5	10315	0.502795719680297	699.0	0	0.0	1281.5	0	0.0	1281.5	0	0.0
CassandraWriteRequest	3500	117	352617.5	10285	0.501333395725822	352617.5	10333	0.503673114052982	705.0	0	0.0	1292.5	0	0.0	1292.5	0	0.0
CassandraWriteRequest	3500	118	355618.5	10437	0.5087425037618284	355618.5	10407	0.5072801798073534	711.0	0	0.0	1303.5	0	0.0	1303.5	0	0.0
CassandraWriteRequest	3500	119	358619.5	10128	0.4936805670307366	358619.5	10163	0.4953866116442907	717.0	0	0.0	1314.5	0	0.0	1314.5	0	0.0
CassandraWriteRequest	3500	120	361620.5	10464	0.5100585953208558	361620.5	10459	0.5098148746617767	723.0	0	0.0	1325.5	0	0.0	1325.5	0	0.0
CassandraWriteRequest	3500	121	364621.5	10452	0.5094736657390658	364621.5	10413	0.5075726445982485	729.0	0	0.0	1336.5	0	0.0	1336.5	0	0.0
CassandraWriteRequest	3500	122	367622.5	10276	0.5008946985394795	367622.5	10304	0.5022595342303229	735.0	0	0.0	1347.5	0	0.0	1347.5	0	0.0
CassandraWriteRequest	3500	123	370623.5	7741	0.37732832438634795	370623.5	7768	0.3786444159453754	741.0	0	0.0	1358.5	0	0.0	1358.5	0	0.0
CassandraWriteRequest	3500	124	373624.5	10411	0.5074751563346168	373624.5	10347	0.5043555318984035	747.0	0	0.0	1369.5	0	0.0	1369.5	0	0.0
CassandraWriteRequest	3500	125	376625.5	9810	0.4781799331133023	376625.5	9810	0.4781799331133023	753.0	0	0.0	1380.5	0	0.0	1380.5	0	0.0
CassandraWriteRequest	3500	126	379626.5	10402	0.5070364591482743	379626.5	10414	0.5076213887300642	759.0	0	0.0	1391.5	0	0.0	1391.5	0	0.0
CassandraWriteRequest	3500	127	382627.5	9690	0.4723306372954026	382627.5	9700	0.4728180786135609	765.0	0	0.0	1402.5	0	0.0	1402.5	0	0.0
CassandraWriteRequest	3500	128	385628.5	10369	0.5054279027983519	385628.5	10372	0.5055741351937993	771.0	0	0.0	1413.5	0	0.0	1413.5	0	0.0
CassandraWriteRequest	3500	129	388629.5	10421	0.5079625976527751	388629.5	10456	0.5096686422663291	777.0	0	0.0	1424.5	0	0.0	1424.5	0	0.0
CassandraWriteRequest	3500	130	391630.5	10451	0.5094249216072501	391630.5	10447	0.5092299450799866	783.0	0	0.0	1435.5	0	0.0	1435.5	0	0.0
CassandraWriteRequest	3500	131	394631.5	10095	0.4920720106808142	394631.5	10076	0.4911458721763134	789.0	0	0.0	1446.5	0	0.0	1446.5	0	0.0
CassandraWriteRequest	3500	132	397632.5	10399	0.5068902267528268	397632.5	10425	0.5081575741800384	795.0	0	0.0	1457.5	0	0.0	1457.5	0	0.0
CassandraWriteRequest	3500	133	400633.5	9983	0.4866126679174411	400633.5	9929	0.4839804847993862	801.0	0	0.0	1468.5	0	0.0	1468.5	0	0.0
CassandraWriteRequest	3500	134	403634.5	10095	0.4920720106808142	403634.5	10086	0.4916333134944717	807.0	0	0.0	1479.5	0	0.0	1479.5	0	0.0
CassandraWriteRequest	3500	135	406635.5	10383	0.5061103206437735	406635.5	10445	0.509132456816355	813.0	0	0.0	1490.5	0	0.0	1490.5	0	0.0
CassandraWriteRequest	3500	136	409636.5	10414	0.5076213887300642	409636.5	10388	0.5063540413028527	819.0	0	0.0	1501.5	0	0.0	1501.5	0	0.0
CassandraWriteRequest	3500	137	412637.5	10050	0.48987852474910176	412637.5	10035	0.4891473627718643	825.0	0	0.0	1512.5	0	0.0	1512.5	0	0.0
CassandraWriteRequest	3500	138	415638.5	10399	0.5068902267528268	415638.5	10426	0.5082063183118543	831.0	0	0.0	1523.5	0	0.0	1523.5	0	0.0
CassandraWriteRequest	3500	139	418639.5	10401	0.5069877150164585	418639.5	10393	0.5065977619619318	837.0	0	0.0	1534.5	0	0.0	1534.5	0	0.0
CassandraWriteRequest	3500	140	421640.5	10389	0.5064027854346685	421640.5	10410	0.5074264122028009	843.0	0	0.0	1545.5	0	0.0	1545.5	0	0.0
CassandraWriteRequest	3500	141	424641.5	10456	0.5096686422663291	424641.5	10458	0.5097661305299608	849.0	0	0.0	1556.5	0	0.0	1556.5	0	0.0
CassandraWriteRequest	3500	142	427642.5	10411	0.5074751563346168	427642.5	10382	0.5060615765119577	855.0	0	0.0	1567.5	0	0.0	1567.5	0	0.0
CassandraWriteRequest	3500	143	430643.5	10049	0.48982978061728594	430643.5	10015	0.4881724801355477	861.0	0	0.0	1578.5	0	0.0	1578.5	0	0.0
CassandraWriteRequest	3500	144	433644.5	10178	0.49611777362152815	433644.5	10179	0.49616651775334397	867.0	0	0.0	1589.5	0	0.0	1589.5	0	0.0
CassandraWriteRequest	3500	145	436645.5	10190	0.4967027032033181	436645.5	10197	0.49704391212602894	873.0	0	0.0	1600.5	0	0.0	1600.5	0	0.0
CassandraWriteRequest	3500	146	439646.5	10045	0.48963480409002264	439646.5	10088	0.49173080175810335	879.0	0	0.0	1611.5	0	0.0	1611.5	0	0.0
CassandraWriteRequest	3500	147	442647.5	10414	0.5076213887300642	442647.5	10364	0.5051841821392727	885.0	0	0.0	1622.5	0	0.0	1622.5	0	0.0
CassandraWriteRequest	3500	148	445648.5	10408	0.5073289239391693	445648.5	10471	0.5103998042435667	891.0	0	0.0	1633.5	0	0.0	1633.5	0	0.0
CassandraWriteRequest	3500	149	448649.5	10483	0.5109847338253566	448649.5	10474	0.5105460366390141	897.0	0	0.0	1644.5	0	0.0	1644.5	0	0.0
CassandraWriteRequest	3500	150	451650.5	10313	0.5026982314166654	451650.5	10308	0.5024545107575862	903.0	0	0.0	1655.5	0	0.0	1655.5	0	0.0
CassandraWriteRequest	3500	151	454651.5	10417	0.5077676211255118	454651.5	10424	0.5081088300482226	909.0	0	0.0	1666.5	0	0.0	1666.5	0	0.0
CassandraWriteRequest	3500	152	457652.5	10121	0.49333935810802576	457652.5	10121	0.49333935810802576	915.0	0	0.0	1677.5	0	0.0	1677.5	0	0.0
CassandraWriteRequest	3500	153	460653.5	9798	0.47759500353151235	460653.5	9742	0.47486533214982585	921.0	0	0.0	1688.5	0	0.0	1688.5	0	0.0
CassandraWriteRequest	3500	154	463654.5	9789	0.47715630634516987	463654.5	9795	0.4774487711360649	927.0	0	0.0	1699.5	0	0.0	1699.5	0	0.0
CassandraWriteRequest	3500	155	466655.5	10287	0.5014308839894537	466655.5	10344	0.5042092995029561	933.0	0	0.0	1710.5	0	0.0	1710.5	0	0.0
CassandraWriteRequest	3500	156	469656.5	10497	0.5116671516707783	469656.5	10488	0.5112284544844358	939.0	0	0.0	1721.5	0	0.0	1721.5	0	0.0
CassandraWriteRequest	3500	157	472657.5	10472	0.5104485483753824	472657.5	10425	0.5081575741800384	945.0	0	0.0	1732.5	0	0.0	1732.5	0	0.0
CassandraWriteRequest	3500	158	475658.5	10379	0.5059153441165102	475658.5	10425	0.5081575741800384	951.0	0	0.0	1743.5	0	0.0	1743.5	0	0.0
CassandraWriteRequest	3500	159	478659.5	10377	0.5058178558528785	478659.5	10382	0.5060615765119577	957.0	0	0.0	1754.5	0	0.0	1754.5	0	0.0
CassandraWriteRequest	3500	160	481660.5	10447	0.5092299450799866	481660.5	10389	0.5064027854346685	963.0	0	0.0	1765.5	0	0.0	1765.5	0	0.0
CassandraWriteRequest	3500	161	484661.5	10397	0.5067927384891951	484661.5	10457	0.509717386398145	969.0	0	0.0	1776.5	0	0.0	1776.5	0	0.0
CassandraWriteRequest	3500	162	487662.5	10214	0.4978725623668981	487662.5	10156	0.4950454027215799	975.0	0	0.0	1787.5	0	0.0	1787.5	0	0.0
CassandraWriteRequest	3500	163	490663.5	9930	0.48402922893120204	490663.5	9927	0.48388299653575456	981.0	0	0.0	1798.5	0	0.0	1798.5	0	0.0
CassandraWriteRequest	3500	164	493664.5	10217	0.49801879476234556	493664.5	10274	0.5007972102758479	987.0	0	0.0	1809.5	0	0.0	1809.5	0	0.0
CassandraWriteRequest	3500	165	496665.5	10484	0.5110334779571725	496665.5	10491	0.5113746868798833	993.0	0	0.0	1820.5	0	0.0	1820.5	0	0.0
CassandraWriteRequest	3500	166	499666.5	10402	0.5070364591482743	499666.5	10341	0.5040630671075086	999.0	0	0.0	1831.5	0	0.0	1831.5	0	0.0
CassandraWriteRequest	3500	167	502667.5	10065	0.49060968672633926	502667.5	10071	0.4909021515172342	1005.0	0	0.0	1842.5	0	0.0	1842.5	0	0.0
CassandraWriteRequest	3500	168	505668.5	9821	0.47871611856327645	505668.5	9876	0.4813970458131472	1011.0	0	0.0	1853.5	0	0.0	1853.5	0	0.0
CassandraWriteRequest	3500	169	508669.5	10500	0.5118133840662258	508669.5	10500	0.5118133840662258	1017.0	0	0.0	1864.5	0	0.0	1864.5	0	0.0
CassandraWriteRequest	3500	170	511670.5	10500	0.5118133840662258	511670.5	10500	0.5118133840662258	1023.0	0	0.0	1875.5	0	0.0	1875.5	0	0.0
CassandraWriteRequest	3500	171	514671.5	10500	0.5118133840662258	514671.5	10500	0.5118133840662258	1029.0	0	0.0	1886.5	0	0.0	1886.5	0	0.0
CassandraWriteRequest	3500	172	517672.5	10500	0.5118133840662258	517672.5	10500	0.5118133840662258	1035.0	0	0.0	1897.5	0	0.0	1897.5	0	0.0
CassandraWriteRequest	3500	173	520673.5	10319	0.5029906962075603	520673.5	10258	0.5000173041667947	1041.0	0	0.0	1908.5	0	0.0	1908.5	0	0.0
CassandraWriteRequest	3500	174	523674.5	10181	0.4962640060169756	523674.5	10186	0.4965077266760548	1047.0	0	0.0	1919.5	0	0.0	1919.5	0	0.0
CassandraWriteRequest	3500	175	526675.5	9820	0.4786673744314606	526675.5	9812	0.478277421376934	1053.0	0	0.0	1930.5	0	0.0	1930.5	0	0.0
CassandraWriteRequest	3500	176	529676.5	10436	0.5086937596300125	529676.5	10500	0.5118133840662258	1059.0	0	0.0	1941.5	0	0.0	1941.5	0	0.0
CassandraWriteRequest	3500	177	532677.5	10495	0.5115696634071466	532677.5	10494	0.5115209192753307	1065.0	0	0.0	1952.5	0	0.0	1952.5	0	0.0
CassandraWriteRequest	3500	178	535678.5	10482	0.5109359896935408	535678.5	10458	0.5097661305299608	1071.0	0	0.0	1963.5	0	0.0	1963.5	0	0.0
CassandraWriteRequest	3500	179	538679.5	10155	0.49499665858976405	538679.5	10180	0.4962152618851598	1077.0	0	0.0	1974.5	0	0.0	1974.5	0	0.0
CassandraWriteRequest	3500	180	541680.5	10497	0.5116671516707783	541680.5	10497	0.5116671516707783	1083.0	0	0.0	1985.5	0	0.0	1985.5	0	0.0
CassandraWriteRequest	3500	181	544681.5	10500	0.5118133840662258	544681.5	10496	0.5116184075389624	1089.0	0	0.0	1996.5	0	0.0	1996.5	0	0.0
CassandraWriteRequest	3500	182	547682.5	10346	0.5043067877665878	547682.5	10308	0.5024545107575862	1095.0	0	0.0	2007.5	0	0.0	2007.5	0	0.0
CassandraWriteRequest	3500	183	550683.5	10337	0.5038680905802453	550683.5	10379	0.5059153441165102	1101.0	0	0.0	2018.5	0	0.0	2018.5	0	0.0
CassandraWriteRequest	3500	184	553684.5	10453	0.5095224098708817	553684.5	10442	0.5089862244209076	1107.0	0	0.0	2029.5	0	0.0	2029.5	0	0.0
CassandraWriteRequest	3500	185	556685.5	10318	0.5029419520757445	556685.5	10267	0.5004560013531371	1113.0	0	0.0	2040.5	0	0.0	2040.5	0	0.0
CassandraWriteRequest	3500	186	559686.5	10293	0.5017233487803487	559686.5	10341	0.5040630671075086	1119.0	0	0.0	2051.5	0	0.0	2051.5	0	0.0
CassandraWriteRequest	3500	187	562687.5	10189	0.4966539590715023	562687.5	10203	0.49733637691692395	1125.0	0	0.0	2062.5	0	0.0	2062.5	0	0.0
CassandraWriteRequest	3500	188	565688.5	10366	0.5052816704029044	565688.5	10302	0.5021620459666912	1131.0	0	0.0	2073.5	0	0.0	2073.5	0	0.0
CassandraWriteRequest	3500	189	568689.5	10433	0.5085475272345651	568689.5	10491	0.5113746868798833	1137.0	4	1.949765272633241E-4	2084.5	0	0.0	2084.5	0	0.0
CassandraWriteRequest	3500	190	571690.5	10263	0.5002610248258738	571690.5	10205	0.4974338651805556	1143.0	8	3.899530545266482E-4	2095.5	0	0.0	2095.5	0	0.0
CassandraWriteRequest	3500	191	574691.5	10340	0.5040143229756928	574691.5	10351	0.504550508425667	1149.0	0	0.0	2106.5	0	0.0	2106.5	0	0.0
CassandraWriteRequest	3500	192	577692.5	10160	0.4952403792488432	577692.5	10213	0.49782381823508226	1155.0	0	0.0	2117.5	0	0.0	2117.5	0	0.0
CassandraWriteRequest	3500	193	580693.5	10031	0.48895238624460097	580693.5	9974	0.48617397073109864	1161.0	0	0.0	2128.5	0	0.0	2128.5	0	0.0
CassandraWriteRequest	3500	194	583694.5	10395	0.5066952502255635	583694.5	10451	0.5094249216072501	1167.0	0	0.0	2139.5	0	0.0	2139.5	0	0.0
CassandraWriteRequest	3500	195	586695.5	10380	0.5059640882483261	586695.5	10370	0.5054766469301677	1173.0	0	0.0	2150.5	0	0.0	2150.5	0	0.0
CassandraWriteRequest	3500	196	589696.5	10325	0.5032831609984553	589696.5	10273	0.5007484661440321	1179.0	0	0.0	2161.5	0	0.0	2161.5	0	0.0
CassandraWriteRequest	3500	197	592697.5	10433	0.5085475272345651	592697.5	10496	0.5116184075389624	1185.0	0	0.0	2172.5	0	0.0	2172.5	0	0.0
CassandraWriteRequest	3500	198	595698.5	10340	0.5040143229756928	595698.5	10340	0.5040143229756928	1191.0	0	0.0	2183.5	0	0.0	2183.5	0	0.0
CassandraWriteRequest	3500	199	598699.5	10116	0.49309563744894663	598699.5	10116	0.49309563744894663	1197.0	0	0.0	2194.5	0	0.0	2194.5	0	0.0
