'Request type'	'Load'	'Bucket'	'Start time'	'Absolute'	'Percent of requests'	'End time'	'Absolute'	'Percent of requests'	'Residence time'	'Absolute'	'Percent of requests'	'Theor. think time'	'Absolute'	'Percent of requests'	'Actual think time'	'Absolute'	'Percent of requests'
CassandraWriteRequest	2000	0	1500.5	5991	0.5058962114782961	1500.5	5991	0.5058962114782961	2.5	800894	67.62965120943056	4.5	1184235	99.99999999999999	4.5	1184235	99.99999999999999
CassandraWriteRequest	2000	1	4501.5	5990	0.5058117687790008	4501.5	5989	0.5057273260797054	7.5	224255	18.936697530473257	13.5	0	0.0	13.5	0	0.0
CassandraWriteRequest	2000	2	7502.5	5987	0.5055584406811148	7502.5	5967	0.5038695866952083	12.5	80960	6.836480934949566	22.5	0	0.0	22.5	0	0.0
CassandraWriteRequest	2000	3	10503.5	5882	0.49669195725510557	10503.5	5881	0.49660751455581026	17.5	35225	2.9744940826778468	31.5	0	0.0	31.5	0	0.0
CassandraWriteRequest	2000	4	13504.5	5956	0.5029407170029597	13504.5	5964	0.5036162585973223	22.5	17545	1.4815471591364888	40.5	0	0.0	40.5	0	0.0
CassandraWriteRequest	2000	5	16505.5	5944	0.5019274046114157	16505.5	5944	0.5019274046114157	27.5	8094	0.683479208096366	49.5	0	0.0	49.5	0	0.0
CassandraWriteRequest	2000	6	19506.5	5970	0.5041229147930942	19506.5	5969	0.5040384720937989	32.5	3824	0.32290888210532537	58.5	0	0.0	58.5	0	0.0
CassandraWriteRequest	2000	7	22507.5	5976	0.5046295709888662	22507.5	5991	0.5058962114782961	37.5	1897	0.16018780056323279	67.5	0	0.0	67.5	0	0.0
CassandraWriteRequest	2000	8	25508.5	5993	0.5060650968768867	25508.5	5993	0.5060650968768867	42.5	1479	0.12489075225778666	76.5	0	0.0	76.5	0	0.0
CassandraWriteRequest	2000	9	28509.5	5853	0.49424311897554113	28509.5	5831	0.49238537959104395	47.5	948	0.08005167893196874	85.5	0	0.0	85.5	0	0.0
CassandraWriteRequest	2000	10	31510.5	5971	0.5042073574923895	31510.5	5993	0.5060650968768867	52.5	646	0.05454998374478038	94.5	0	0.0	94.5	0	0.0
CassandraWriteRequest	2000	11	34511.5	5999	0.5065717530726587	34511.5	5999	0.5065717530726587	57.5	704	0.05944766030390927	103.5	0	0.0	103.5	0	0.0
CassandraWriteRequest	2000	12	37512.5	6000	0.506656195771954	37512.5	6000	0.506656195771954	62.5	635	0.053621114052531796	112.5	0	0.0	112.5	0	0.0
CassandraWriteRequest	2000	13	40513.5	5996	0.5063184249747728	40513.5	5990	0.5058117687790008	67.5	607	0.05125671847226268	121.5	0	0.0	121.5	0	0.0
CassandraWriteRequest	2000	14	43514.5	5846	0.4936520200804739	43514.5	5840	0.4931453638847019	72.5	575	0.048554552094812256	130.5	0	0.0	130.5	0	0.0
CassandraWriteRequest	2000	15	46515.5	5938	0.5014207484156438	46515.5	5922	0.5000696652269186	77.5	565	0.047710125101859	139.5	0	0.0	139.5	0	0.0
CassandraWriteRequest	2000	16	49516.5	5958	0.5031096024015503	49516.5	5983	0.5052206698839334	82.5	503	0.04247467774554881	148.5	0	0.0	148.5	0	0.0
CassandraWriteRequest	2000	17	52517.5	5912	0.49922523823396536	52517.5	5851	0.49407423357695046	87.5	433	0.036563688794876016	157.5	0	0.0	157.5	0	0.0
CassandraWriteRequest	2000	18	55518.5	5903	0.49846525394030744	55518.5	5956	0.5029407170029597	92.5	298	0.025163924390007048	166.5	0	0.0	166.5	0	0.0
CassandraWriteRequest	2000	19	58519.5	5989	0.5057273260797054	58519.5	5987	0.5055584406811148	97.5	311	0.026261679480846283	175.5	0	0.0	175.5	0	0.0
CassandraWriteRequest	2000	20	61520.5	5987	0.5055584406811148	61520.5	5984	0.5053051125832287	102.5	416	0.03512816290685548	184.5	0	0.0	184.5	0	0.0
CassandraWriteRequest	2000	21	64521.5	5943	0.5018429619121204	64521.5	5959	0.5031940451008456	107.5	341	0.028794960459706052	193.5	0	0.0	193.5	0	0.0
CassandraWriteRequest	2000	22	67522.5	5987	0.5055584406811148	67522.5	5987	0.5055584406811148	112.5	275	0.023221742306214557	202.5	0	0.0	202.5	0	0.0
CassandraWriteRequest	2000	23	70523.5	5917	0.499647451730442	70523.5	5916	0.49956300903114664	117.5	296	0.024995038991416398	211.5	0	0.0	211.5	0	0.0
CassandraWriteRequest	2000	24	73524.5	5998	0.5064873103733634	73524.5	5999	0.5065717530726587	122.5	269	0.022715086110442605	220.5	0	0.0	220.5	0	0.0
CassandraWriteRequest	2000	25	76525.5	5999	0.5065717530726587	76525.5	5999	0.5065717530726587	127.5	234	0.019759591635106207	229.5	0	0.0	229.5	0	0.0
CassandraWriteRequest	2000	26	79526.5	5931	0.5008296495205765	79526.5	5867	0.4954253167656757	132.5	176	0.014861915075977318	238.5	0	0.0	238.5	0	0.0
CassandraWriteRequest	2000	27	82527.5	5799	0.48968321321359354	82527.5	5799	0.48968321321359354	137.5	129	0.01089310820909701	247.5	0	0.0	247.5	0	0.0
CassandraWriteRequest	2000	28	85528.5	5602	0.4730480014524144	85528.5	5666	0.47845233420731526	142.5	182	0.015368571271749272	256.5	0	0.0	256.5	0	0.0
CassandraWriteRequest	2000	29	88529.5	6000	0.506656195771954	88529.5	6000	0.506656195771954	147.5	146	0.012328634097117548	265.5	0	0.0	265.5	0	0.0
CassandraWriteRequest	2000	30	91530.5	5975	0.5045451282895709	91530.5	5911	0.49914079553467	152.5	75	0.006333202447149425	274.5	0	0.0	274.5	0	0.0
CassandraWriteRequest	2000	31	94531.5	5936	0.5012518630170532	94531.5	6000	0.506656195771954	157.5	112	0.009457582321076475	283.5	0	0.0	283.5	0	0.0
CassandraWriteRequest	2000	32	97532.5	5999	0.5065717530726587	97532.5	5997	0.5064028676740681	162.5	76	0.006417645146444751	292.5	0	0.0	292.5	0	0.0
CassandraWriteRequest	2000	33	100533.5	5998	0.5064873103733634	100533.5	6000	0.506656195771954	167.5	52	0.004391020363356935	301.5	0	0.0	301.5	0	0.0
CassandraWriteRequest	2000	34	103534.5	5768	0.48706548953543843	103534.5	5768	0.48706548953543843	172.5	64	0.005404332754900843	310.5	0	0.0	310.5	0	0.0
CassandraWriteRequest	2000	35	106535.5	6000	0.506656195771954	106535.5	6000	0.506656195771954	177.5	76	0.006417645146444751	319.5	0	0.0	319.5	0	0.0
CassandraWriteRequest	2000	36	109536.5	5999	0.5065717530726587	109536.5	5999	0.5065717530726587	182.5	65	0.005488775454196168	328.5	0	0.0	328.5	0	0.0
CassandraWriteRequest	2000	37	112537.5	5999	0.5065717530726587	112537.5	5998	0.5064873103733634	187.5	49	0.004137692265470958	337.5	0	0.0	337.5	0	0.0
CassandraWriteRequest	2000	38	115538.5	5982	0.5051362271846381	115538.5	5983	0.5052206698839334	192.5	57	0.004813233859833563	346.5	0	0.0	346.5	0	0.0
CassandraWriteRequest	2000	39	118539.5	5991	0.5058962114782961	118539.5	5990	0.5058117687790008	197.5	61	0.005151004657014866	355.5	0	0.0	355.5	0	0.0
CassandraWriteRequest	2000	40	121540.5	5997	0.5064028676740681	121540.5	5997	0.5064028676740681	202.5	19	0.0016044112866111877	364.5	0	0.0	364.5	0	0.0
CassandraWriteRequest	2000	41	124541.5	5999	0.5065717530726587	124541.5	6000	0.506656195771954	207.5	52	0.004391020363356935	373.5	0	0.0	373.5	0	0.0
CassandraWriteRequest	2000	42	127542.5	6000	0.506656195771954	127542.5	5940	0.5015896338142345	212.5	81	0.006839858642921379	382.5	0	0.0	382.5	0	0.0
CassandraWriteRequest	2000	43	130543.5	5908	0.498887467436784	130543.5	5951	0.5025185035064831	217.5	77	0.006502087845740076	391.5	0	0.0	391.5	0	0.0
CassandraWriteRequest	2000	44	133544.5	5957	0.503025159702255	133544.5	5974	0.5044606855902756	222.5	58	0.004897676559128889	400.5	0	0.0	400.5	0	0.0
CassandraWriteRequest	2000	45	136545.5	5991	0.5058962114782961	136545.5	5979	0.5048828990867522	227.5	42	0.003546593370403678	409.5	0	0.0	409.5	0	0.0
CassandraWriteRequest	2000	46	139546.5	5988	0.5056428833804101	139546.5	5997	0.5064028676740681	232.5	30	0.00253328097885977	418.5	0	0.0	418.5	0	0.0
CassandraWriteRequest	2000	47	142547.5	5983	0.5052206698839334	142547.5	5958	0.5031096024015503	237.5	12	0.0010133123915439081	427.5	0	0.0	427.5	0	0.0
CassandraWriteRequest	2000	48	145548.5	5616	0.47423019924254894	145548.5	5582	0.47135914746650787	242.5	27	0.002279952880973793	436.5	0	0.0	436.5	0	0.0
CassandraWriteRequest	2000	49	148549.5	5856	0.4944964470734271	148549.5	5906	0.4987185820381934	247.5	12	0.0010133123915439081	445.5	0	0.0	445.5	0	0.0
CassandraWriteRequest	2000	50	151550.5	5957	0.503025159702255	151550.5	5955	0.5028562743036643	252.5	4	3.3777079718130267E-4	454.5	0	0.0	454.5	0	0.0
CassandraWriteRequest	2000	51	154551.5	5905	0.49863413933889805	154551.5	5916	0.49956300903114664	257.5	9	7.59984293657931E-4	463.5	0	0.0	463.5	0	0.0
CassandraWriteRequest	2000	52	157552.5	5946	0.5020962900100064	157552.5	5949	0.5023496181078924	262.5	8	6.755415943626053E-4	472.5	0	0.0	472.5	0	0.0
CassandraWriteRequest	2000	53	160553.5	5719	0.4829277972699675	160553.5	5678	0.47946564659885915	267.5	8	6.755415943626053E-4	481.5	0	0.0	481.5	0	0.0
CassandraWriteRequest	2000	54	163554.5	5891	0.4974519415487635	163554.5	5925	0.5003229933248046	272.5	8	6.755415943626053E-4	490.5	0	0.0	490.5	0	0.0
CassandraWriteRequest	2000	55	166555.5	5971	0.5042073574923895	166555.5	5977	0.5047140136881615	277.5	4	3.3777079718130267E-4	499.5	0	0.0	499.5	0	0.0
CassandraWriteRequest	2000	56	169556.5	5917	0.499647451730442	169556.5	5871	0.495763087562857	282.5	6	5.066561957719541E-4	508.5	0	0.0	508.5	0	0.0
CassandraWriteRequest	2000	57	172557.5	5917	0.499647451730442	172557.5	5964	0.5036162585973223	287.5	3	2.5332809788597703E-4	517.5	0	0.0	517.5	0	0.0
CassandraWriteRequest	2000	58	175558.5	5962	0.5034473731987317	175558.5	5936	0.5012518630170532	292.5	3	2.5332809788597703E-4	526.5	0	0.0	526.5	0	0.0
CassandraWriteRequest	2000	59	178559.5	5969	0.5040384720937989	178559.5	5995	0.5062339822754773	297.5	7	5.910988950672797E-4	535.5	0	0.0	535.5	0	0.0
CassandraWriteRequest	2000	60	181560.5	5981	0.5050517844853428	181560.5	5975	0.5045451282895709	302.5	1	8.444269929532567E-5	544.5	0	0.0	544.5	0	0.0
CassandraWriteRequest	2000	61	184561.5	5838	0.49297647848611126	184561.5	5844	0.4934831346818832	307.5	4	3.3777079718130267E-4	553.5	0	0.0	553.5	0	0.0
CassandraWriteRequest	2000	62	187562.5	6000	0.506656195771954	187562.5	6000	0.506656195771954	312.5	2	1.6888539859065134E-4	562.5	0	0.0	562.5	0	0.0
CassandraWriteRequest	2000	63	190563.5	6000	0.506656195771954	190563.5	6000	0.506656195771954	317.5	2	1.6888539859065134E-4	571.5	0	0.0	571.5	0	0.0
CassandraWriteRequest	2000	64	193564.5	6000	0.506656195771954	193564.5	6000	0.506656195771954	322.5	4	3.3777079718130267E-4	580.5	0	0.0	580.5	0	0.0
CassandraWriteRequest	2000	65	196565.5	6000	0.506656195771954	196565.5	6000	0.506656195771954	327.5	4	3.3777079718130267E-4	589.5	0	0.0	589.5	0	0.0
CassandraWriteRequest	2000	66	199566.5	5955	0.5028562743036643	199566.5	5891	0.4974519415487635	332.5	1	8.444269929532567E-5	598.5	0	0.0	598.5	0	0.0
CassandraWriteRequest	2000	67	202567.5	5936	0.5012518630170532	202567.5	6000	0.506656195771954	337.5	2	1.6888539859065134E-4	607.5	0	0.0	607.5	0	0.0
CassandraWriteRequest	2000	68	205568.5	6000	0.506656195771954	205568.5	6000	0.506656195771954	342.5	1	8.444269929532567E-5	616.5	0	0.0	616.5	0	0.0
CassandraWriteRequest	2000	69	208569.5	6000	0.506656195771954	208569.5	6000	0.506656195771954	347.5	2	1.6888539859065134E-4	625.5	0	0.0	625.5	0	0.0
CassandraWriteRequest	2000	70	211570.5	5699	0.48123894328406097	211570.5	5641	0.4763412667249321	352.5	3	2.5332809788597703E-4	634.5	0	0.0	634.5	0	0.0
CassandraWriteRequest	2000	71	214571.5	5739	0.484616651255874	214571.5	5788	0.48875434352134495	357.5	3	2.5332809788597703E-4	643.5	0	0.0	643.5	0	0.0
CassandraWriteRequest	2000	72	217572.5	5905	0.49863413933889805	217572.5	5853	0.49424311897554113	362.5	1	8.444269929532567E-5	652.5	0	0.0	652.5	0	0.0
CassandraWriteRequest	2000	73	220573.5	5531	0.46705256980244625	220573.5	5570	0.47034583507496397	367.5	2	1.6888539859065134E-4	661.5	0	0.0	661.5	0	0.0
CassandraWriteRequest	2000	74	223574.5	5975	0.5045451282895709	223574.5	5967	0.5038695866952083	372.5	2	1.6888539859065134E-4	670.5	0	0.0	670.5	0	0.0
CassandraWriteRequest	2000	75	226575.5	5959	0.5031940451008456	226575.5	5984	0.5053051125832287	377.5	0	0.0	679.5	0	0.0	679.5	0	0.0
CassandraWriteRequest	2000	76	229576.5	5989	0.5057273260797054	229576.5	5975	0.5045451282895709	382.5	0	0.0	688.5	0	0.0	688.5	0	0.0
CassandraWriteRequest	2000	77	232577.5	5977	0.5047140136881615	232577.5	5966	0.5037851439959129	387.5	0	0.0	697.5	0	0.0	697.5	0	0.0
CassandraWriteRequest	2000	78	235578.5	5962	0.5034473731987317	235578.5	5986	0.5054739979818195	392.5	1	8.444269929532567E-5	706.5	0	0.0	706.5	0	0.0
CassandraWriteRequest	2000	79	238579.5	5994	0.506149539576182	238579.5	6000	0.506656195771954	397.5	2	1.6888539859065134E-4	715.5	0	0.0	715.5	0	0.0
CassandraWriteRequest	2000	80	241580.5	6000	0.506656195771954	241580.5	6000	0.506656195771954	402.5	1	8.444269929532567E-5	724.5	0	0.0	724.5	0	0.0
CassandraWriteRequest	2000	81	244581.5	6000	0.506656195771954	244581.5	6000	0.506656195771954	407.5	2	1.6888539859065134E-4	733.5	0	0.0	733.5	0	0.0
CassandraWriteRequest	2000	82	247582.5	6000	0.506656195771954	247582.5	6000	0.506656195771954	412.5	0	0.0	742.5	0	0.0	742.5	0	0.0
CassandraWriteRequest	2000	83	250583.5	6000	0.506656195771954	250583.5	6000	0.506656195771954	417.5	1	8.444269929532567E-5	751.5	0	0.0	751.5	0	0.0
CassandraWriteRequest	2000	84	253584.5	6000	0.506656195771954	253584.5	6000	0.506656195771954	422.5	1	8.444269929532567E-5	760.5	0	0.0	760.5	0	0.0
CassandraWriteRequest	2000	85	256585.5	6000	0.506656195771954	256585.5	6000	0.506656195771954	427.5	2	1.6888539859065134E-4	769.5	0	0.0	769.5	0	0.0
CassandraWriteRequest	2000	86	259586.5	5620	0.4745679700397303	259586.5	5556	0.4691636372848294	432.5	7	5.910988950672797E-4	778.5	0	0.0	778.5	0	0.0
CassandraWriteRequest	2000	87	262587.5	5880	0.49652307185651495	262587.5	5933	0.5009985349191672	437.5	23	0.0019421820837924903	787.5	0	0.0	787.5	0	0.0
CassandraWriteRequest	2000	88	265588.5	5973	0.5043762428909803	265588.5	5980	0.5049673417860475	442.5	1	8.444269929532567E-5	796.5	0	0.0	796.5	0	0.0
CassandraWriteRequest	2000	89	268589.5	5917	0.499647451730442	268589.5	5904	0.49854969663960275	447.5	3	2.5332809788597703E-4	805.5	0	0.0	805.5	0	0.0
CassandraWriteRequest	2000	90	271590.5	5978	0.5047984563874568	271590.5	5995	0.5062339822754773	452.5	0	0.0	814.5	0	0.0	814.5	0	0.0
CassandraWriteRequest	2000	91	274591.5	5978	0.5047984563874568	274591.5	5961	0.5033629304994363	457.5	1	8.444269929532567E-5	823.5	0	0.0	823.5	0	0.0
CassandraWriteRequest	2000	92	277592.5	5980	0.5049673417860475	277592.5	5986	0.5054739979818195	462.5	0	0.0	832.5	0	0.0	832.5	0	0.0
CassandraWriteRequest	2000	93	280593.5	5974	0.5044606855902756	280593.5	5980	0.5049673417860475	467.5	0	0.0	841.5	0	0.0	841.5	0	0.0
CassandraWriteRequest	2000	94	283594.5	5972	0.5042918001916848	283594.5	5972	0.5042918001916848	472.5	0	0.0	850.5	0	0.0	850.5	0	0.0
CassandraWriteRequest	2000	95	286595.5	5995	0.5062339822754773	286595.5	6000	0.506656195771954	477.5	1	8.444269929532567E-5	859.5	0	0.0	859.5	0	0.0
CassandraWriteRequest	2000	96	289596.5	5677	0.47938120389956385	289596.5	5674	0.4791278758016778	482.5	2	1.6888539859065134E-4	868.5	0	0.0	868.5	0	0.0
CassandraWriteRequest	2000	97	292597.5	5996	0.5063184249747728	292597.5	5999	0.5065717530726587	487.5	10	8.444269929532566E-4	877.5	0	0.0	877.5	0	0.0
CassandraWriteRequest	2000	98	295598.5	6000	0.506656195771954	295598.5	6000	0.506656195771954	492.5	9	7.59984293657931E-4	886.5	0	0.0	886.5	0	0.0
CassandraWriteRequest	2000	99	298599.5	6000	0.506656195771954	298599.5	6000	0.506656195771954	497.5	11	9.288696922485824E-4	895.5	0	0.0	895.5	0	0.0
CassandraWriteRequest	2000	100	301600.5	6000	0.506656195771954	301600.5	6000	0.506656195771954	502.5	1	8.444269929532567E-5	904.5	0	0.0	904.5	0	0.0
CassandraWriteRequest	2000	101	304601.5	6000	0.506656195771954	304601.5	6000	0.506656195771954	507.5	1	8.444269929532567E-5	913.5	0	0.0	913.5	0	0.0
CassandraWriteRequest	2000	102	307602.5	6000	0.506656195771954	307602.5	6000	0.506656195771954	512.5	1	8.444269929532567E-5	922.5	0	0.0	922.5	0	0.0
CassandraWriteRequest	2000	103	310603.5	6000	0.506656195771954	310603.5	6000	0.506656195771954	517.5	1	8.444269929532567E-5	931.5	0	0.0	931.5	0	0.0
CassandraWriteRequest	2000	104	313604.5	5950	0.5024340608071878	313604.5	5950	0.5024340608071878	522.5	1	8.444269929532567E-5	940.5	0	0.0	940.5	0	0.0
CassandraWriteRequest	2000	105	316605.5	5980	0.5049673417860475	316605.5	5968	0.5039540293945036	527.5	0	0.0	949.5	0	0.0	949.5	0	0.0
CassandraWriteRequest	2000	106	319606.5	5976	0.5046295709888662	319606.5	5986	0.5054739979818195	532.5	0	0.0	958.5	0	0.0	958.5	0	0.0
CassandraWriteRequest	2000	107	322607.5	5998	0.5064873103733634	322607.5	6000	0.506656195771954	537.5	0	0.0	967.5	0	0.0	967.5	0	0.0
CassandraWriteRequest	2000	108	325608.5	6000	0.506656195771954	325608.5	6000	0.506656195771954	542.5	0	0.0	976.5	0	0.0	976.5	0	0.0
CassandraWriteRequest	2000	109	328609.5	5843	0.4933986919825879	328609.5	5788	0.48875434352134495	547.5	0	0.0	985.5	0	0.0	985.5	0	0.0
CassandraWriteRequest	2000	110	331610.5	5807	0.49035875480795615	331610.5	5813	0.4908654110037281	552.5	0	0.0	994.5	0	0.0	994.5	0	0.0
CassandraWriteRequest	2000	111	334611.5	5730	0.4838566669622161	334611.5	5715	0.4825900264727862	557.5	0	0.0	1003.5	0	0.0	1003.5	0	0.0
CassandraWriteRequest	2000	112	337612.5	5760	0.4863899479410759	337612.5	5824	0.4917942806959767	562.5	0	0.0	1012.5	0	0.0	1012.5	0	0.0
CassandraWriteRequest	2000	113	340613.5	6000	0.506656195771954	340613.5	6000	0.506656195771954	567.5	0	0.0	1021.5	0	0.0	1021.5	0	0.0
CassandraWriteRequest	2000	114	343614.5	6000	0.506656195771954	343614.5	6000	0.506656195771954	572.5	0	0.0	1030.5	0	0.0	1030.5	0	0.0
CassandraWriteRequest	2000	115	346615.5	5923	0.500154107926214	346615.5	5923	0.500154107926214	577.5	0	0.0	1039.5	0	0.0	1039.5	0	0.0
CassandraWriteRequest	2000	116	349616.5	5866	0.4953408740663804	349616.5	5826	0.49196316609456736	582.5	1	8.444269929532567E-5	1048.5	0	0.0	1048.5	0	0.0
CassandraWriteRequest	2000	117	352617.5	5914	0.499394123632556	352617.5	5945	0.5020118473107111	587.5	2	1.6888539859065134E-4	1057.5	0	0.0	1057.5	0	0.0
CassandraWriteRequest	2000	118	355618.5	5987	0.5055584406811148	355618.5	5986	0.5054739979818195	592.5	1	8.444269929532567E-5	1066.5	0	0.0	1066.5	0	0.0
CassandraWriteRequest	2000	119	358619.5	5976	0.5046295709888662	358619.5	5982	0.5051362271846381	597.5	2	1.6888539859065134E-4	1075.5	0	0.0	1075.5	0	0.0
CassandraWriteRequest	2000	120	361620.5	5990	0.5058117687790008	361620.5	5991	0.5058962114782961	602.5	1	8.444269929532567E-5	1084.5	0	0.0	1084.5	0	0.0
CassandraWriteRequest	2000	121	364621.5	5992	0.5059806541775914	364621.5	5995	0.5062339822754773	607.5	1	8.444269929532567E-5	1093.5	0	0.0	1093.5	0	0.0
CassandraWriteRequest	2000	122	367622.5	5943	0.5018429619121204	367622.5	5940	0.5015896338142345	612.5	2	1.6888539859065134E-4	1102.5	0	0.0	1102.5	0	0.0
CassandraWriteRequest	2000	123	370623.5	5992	0.5059806541775914	370623.5	5995	0.5062339822754773	617.5	0	0.0	1111.5	0	0.0	1111.5	0	0.0
CassandraWriteRequest	2000	124	373624.5	5233	0.4418886454124392	373624.5	5170	0.4365687553568337	622.5	2	1.6888539859065134E-4	1120.5	0	0.0	1120.5	0	0.0
CassandraWriteRequest	2000	125	376625.5	5665	0.4783678915080199	376625.5	5703	0.4815767140812423	627.5	1	8.444269929532567E-5	1129.5	0	0.0	1129.5	0	0.0
CassandraWriteRequest	2000	126	379626.5	5901	0.49829636854171677	379626.5	5862	0.49500310326919905	632.5	2	1.6888539859065134E-4	1138.5	0	0.0	1138.5	0	0.0
CassandraWriteRequest	2000	127	382627.5	5786	0.48858545812275433	382627.5	5786	0.48858545812275433	637.5	9	7.59984293657931E-4	1147.5	0	0.0	1147.5	0	0.0
CassandraWriteRequest	2000	128	385628.5	5934	0.5010829776184625	385628.5	5998	0.5064873103733634	642.5	2	1.6888539859065134E-4	1156.5	0	0.0	1156.5	0	0.0
CassandraWriteRequest	2000	129	388629.5	5908	0.498887467436784	388629.5	5908	0.498887467436784	647.5	2	1.6888539859065134E-4	1165.5	0	0.0	1165.5	0	0.0
CassandraWriteRequest	2000	130	391630.5	5738	0.4845322085565787	391630.5	5674	0.4791278758016778	652.5	1	8.444269929532567E-5	1174.5	0	0.0	1174.5	0	0.0
CassandraWriteRequest	2000	131	394631.5	5534	0.4673058979003322	394631.5	5598	0.4727102306552331	657.5	1	8.444269929532567E-5	1183.5	0	0.0	1183.5	0	0.0
CassandraWriteRequest	2000	132	397632.5	5770	0.4872343749340291	397632.5	5743	0.48495442205305533	662.5	1	8.444269929532567E-5	1192.5	0	0.0	1192.5	0	0.0
CassandraWriteRequest	2000	133	400633.5	4918	0.41528919513441165	400633.5	4881	0.4121648152604846	667.5	2	1.6888539859065134E-4	1201.5	0	0.0	1201.5	0	0.0
CassandraWriteRequest	2000	134	403634.5	5769	0.4871499322347338	403634.5	5824	0.4917942806959767	672.5	2	1.6888539859065134E-4	1210.5	0	0.0	1210.5	0	0.0
CassandraWriteRequest	2000	135	406635.5	5852	0.4941586762762458	406635.5	5859	0.4947497751713131	677.5	0	0.0	1219.5	0	0.0	1219.5	0	0.0
CassandraWriteRequest	2000	136	409636.5	5998	0.5064873103733634	409636.5	6000	0.506656195771954	682.5	0	0.0	1228.5	0	0.0	1228.5	0	0.0
CassandraWriteRequest	2000	137	412637.5	5950	0.5024340608071878	412637.5	5950	0.5024340608071878	687.5	0	0.0	1237.5	0	0.0	1237.5	0	0.0
CassandraWriteRequest	2000	138	415638.5	5996	0.5063184249747728	415638.5	5996	0.5063184249747728	692.5	0	0.0	1246.5	0	0.0	1246.5	0	0.0
CassandraWriteRequest	2000	139	418639.5	5988	0.5056428833804101	418639.5	5986	0.5054739979818195	697.5	0	0.0	1255.5	0	0.0	1255.5	0	0.0
CassandraWriteRequest	2000	140	421640.5	5997	0.5064028676740681	421640.5	5999	0.5065717530726587	702.5	0	0.0	1264.5	0	0.0	1264.5	0	0.0
CassandraWriteRequest	2000	141	424641.5	5978	0.5047984563874568	424641.5	5978	0.5047984563874568	707.5	0	0.0	1273.5	0	0.0	1273.5	0	0.0
CassandraWriteRequest	2000	142	427642.5	5993	0.5060650968768867	427642.5	5990	0.5058117687790008	712.5	0	0.0	1282.5	0	0.0	1282.5	0	0.0
CassandraWriteRequest	2000	143	430643.5	5765	0.48681216143755246	430643.5	5704	0.4816611567805376	717.5	0	0.0	1291.5	0	0.0	1291.5	0	0.0
CassandraWriteRequest	2000	144	433644.5	5932	0.5009140922198718	433644.5	5996	0.5063184249747728	722.5	0	0.0	1300.5	0	0.0	1300.5	0	0.0
CassandraWriteRequest	2000	145	436645.5	5998	0.5064873103733634	436645.5	5998	0.5064873103733634	727.5	0	0.0	1309.5	0	0.0	1309.5	0	0.0
CassandraWriteRequest	2000	146	439646.5	5965	0.5037007012966176	439646.5	5919	0.4998163371290326	732.5	0	0.0	1318.5	0	0.0	1318.5	0	0.0
CassandraWriteRequest	2000	147	442647.5	5855	0.4944120043741318	442647.5	5897	0.4979585977445355	737.5	0	0.0	1327.5	0	0.0	1327.5	0	0.0
CassandraWriteRequest	2000	148	445648.5	5965	0.5037007012966176	445648.5	5969	0.5040384720937989	742.5	0	0.0	1336.5	0	0.0	1336.5	0	0.0
CassandraWriteRequest	2000	149	448649.5	5993	0.5060650968768867	448649.5	5987	0.5055584406811148	747.5	1	8.444269929532567E-5	1345.5	0	0.0	1345.5	0	0.0
CassandraWriteRequest	2000	150	451650.5	5894	0.49770526964664946	451650.5	5872	0.49584753026215234	752.5	5	4.222134964766283E-4	1354.5	0	0.0	1354.5	0	0.0
CassandraWriteRequest	2000	151	454651.5	5804	0.4901054267100702	454651.5	5829	0.49221649419245334	757.5	3	2.5332809788597703E-4	1363.5	0	0.0	1363.5	0	0.0
CassandraWriteRequest	2000	152	457652.5	5975	0.5045451282895709	457652.5	5977	0.5047140136881615	762.5	19	0.0016044112866111877	1372.5	0	0.0	1372.5	0	0.0
CassandraWriteRequest	2000	153	460653.5	5894	0.49770526964664946	460653.5	5895	0.4977897123459448	767.5	5	4.222134964766283E-4	1381.5	0	0.0	1381.5	0	0.0
CassandraWriteRequest	2000	154	463654.5	6000	0.506656195771954	463654.5	6000	0.506656195771954	772.5	1	8.444269929532567E-5	1390.5	0	0.0	1390.5	0	0.0
CassandraWriteRequest	2000	155	466655.5	5998	0.5064873103733634	466655.5	5998	0.5064873103733634	777.5	2	1.6888539859065134E-4	1399.5	0	0.0	1399.5	0	0.0
CassandraWriteRequest	2000	156	469656.5	5785	0.488501015423459	469656.5	5721	0.48309668266855815	782.5	1	8.444269929532567E-5	1408.5	0	0.0	1408.5	0	0.0
CassandraWriteRequest	2000	157	472657.5	5888	0.4971986134508775	472657.5	5942	0.5017585192128251	787.5	2	1.6888539859065134E-4	1417.5	0	0.0	1417.5	0	0.0
CassandraWriteRequest	2000	158	475658.5	5892	0.49753638424805885	475658.5	5875	0.4961008583600383	792.5	0	0.0	1426.5	0	0.0	1426.5	0	0.0
CassandraWriteRequest	2000	159	478659.5	5926	0.5004074360240999	478659.5	5939	0.5015051911149392	797.5	2	1.6888539859065134E-4	1435.5	0	0.0	1435.5	0	0.0
CassandraWriteRequest	2000	160	481660.5	5958	0.5031096024015503	481660.5	5947	0.5021807327093017	802.5	0	0.0	1444.5	0	0.0	1444.5	0	0.0
CassandraWriteRequest	2000	161	484661.5	5963	0.503531815898027	484661.5	5969	0.5040384720937989	807.5	2	1.6888539859065134E-4	1453.5	0	0.0	1453.5	0	0.0
CassandraWriteRequest	2000	162	487662.5	5977	0.5047140136881615	487662.5	5996	0.5063184249747728	812.5	2	1.6888539859065134E-4	1462.5	0	0.0	1462.5	0	0.0
CassandraWriteRequest	2000	163	490663.5	5999	0.5065717530726587	490663.5	5999	0.5065717530726587	817.5	1	8.444269929532567E-5	1471.5	0	0.0	1471.5	0	0.0
CassandraWriteRequest	2000	164	493664.5	5996	0.5063184249747728	493664.5	5996	0.5063184249747728	822.5	1	8.444269929532567E-5	1480.5	0	0.0	1480.5	0	0.0
CassandraWriteRequest	2000	165	496665.5	5783	0.48833213002486836	496665.5	5719	0.4829277972699675	827.5	1	8.444269929532567E-5	1489.5	0	0.0	1489.5	0	0.0
CassandraWriteRequest	2000	166	499666.5	5936	0.5012518630170532	499666.5	5999	0.5065717530726587	832.5	0	0.0	1498.5	0	0.0	1498.5	0	0.0
CassandraWriteRequest	2000	167	502667.5	5996	0.5063184249747728	502667.5	5997	0.5064028676740681	837.5	1	8.444269929532567E-5	1507.5	0	0.0	1507.5	0	0.0
CassandraWriteRequest	2000	168	505668.5	6000	0.506656195771954	505668.5	5986	0.5054739979818195	842.5	3	2.5332809788597703E-4	1516.5	0	0.0	1516.5	0	0.0
CassandraWriteRequest	2000	169	508669.5	5874	0.49601641566074295	508669.5	5871	0.495763087562857	847.5	2	1.6888539859065134E-4	1525.5	0	0.0	1525.5	0	0.0
CassandraWriteRequest	2000	170	511670.5	5979	0.5048828990867522	511670.5	5996	0.5063184249747728	852.5	0	0.0	1534.5	0	0.0	1534.5	0	0.0
CassandraWriteRequest	2000	171	514671.5	5992	0.5059806541775914	514671.5	5982	0.5051362271846381	857.5	3	2.5332809788597703E-4	1543.5	0	0.0	1543.5	0	0.0
CassandraWriteRequest	2000	172	517672.5	5986	0.5054739979818195	517672.5	5989	0.5057273260797054	862.5	0	0.0	1552.5	0	0.0	1552.5	0	0.0
CassandraWriteRequest	2000	173	520673.5	5960	0.503278487800141	520673.5	5967	0.5038695866952083	867.5	2	1.6888539859065134E-4	1561.5	0	0.0	1561.5	0	0.0
CassandraWriteRequest	2000	174	523674.5	5880	0.49652307185651495	523674.5	5816	0.4911187391016141	872.5	1	8.444269929532567E-5	1570.5	0	0.0	1570.5	0	0.0
CassandraWriteRequest	2000	175	526675.5	5904	0.49854969663960275	526675.5	5934	0.5010829776184625	877.5	1	8.444269929532567E-5	1579.5	0	0.0	1579.5	0	0.0
CassandraWriteRequest	2000	176	529676.5	5930	0.5007452068212812	529676.5	5954	0.502771831604369	882.5	1	8.444269929532567E-5	1588.5	0	0.0	1588.5	0	0.0
CassandraWriteRequest	2000	177	532677.5	5964	0.5036162585973223	532677.5	5974	0.5044606855902756	887.5	1	8.444269929532567E-5	1597.5	0	0.0	1597.5	0	0.0
CassandraWriteRequest	2000	178	535678.5	5943	0.5018429619121204	535678.5	5940	0.5015896338142345	892.5	1	8.444269929532567E-5	1606.5	0	0.0	1606.5	0	0.0
CassandraWriteRequest	2000	179	538679.5	5969	0.5040384720937989	538679.5	5961	0.5033629304994363	897.5	0	0.0	1615.5	0	0.0	1615.5	0	0.0
CassandraWriteRequest	2000	180	541680.5	5988	0.5056428833804101	541680.5	5989	0.5057273260797054	902.5	0	0.0	1624.5	0	0.0	1624.5	0	0.0
CassandraWriteRequest	2000	181	544681.5	5877	0.496269743758629	544681.5	5883	0.4967763999544009	907.5	0	0.0	1633.5	0	0.0	1633.5	0	0.0
CassandraWriteRequest	2000	182	547682.5	5995	0.5062339822754773	547682.5	5999	0.5065717530726587	912.5	0	0.0	1642.5	0	0.0	1642.5	0	0.0
CassandraWriteRequest	2000	183	550683.5	5987	0.5055584406811148	550683.5	5951	0.5025185035064831	917.5	0	0.0	1651.5	0	0.0	1651.5	0	0.0
CassandraWriteRequest	2000	184	553684.5	5876	0.4961853010593336	553684.5	5909	0.4989719101360794	922.5	0	0.0	1660.5	0	0.0	1660.5	0	0.0
CassandraWriteRequest	2000	185	556685.5	5988	0.5056428833804101	556685.5	5991	0.5058962114782961	927.5	0	0.0	1669.5	0	0.0	1669.5	0	0.0
CassandraWriteRequest	2000	186	559686.5	5956	0.5029407170029597	559686.5	5955	0.5028562743036643	932.5	0	0.0	1678.5	0	0.0	1678.5	0	0.0
CassandraWriteRequest	2000	187	562687.5	5909	0.4989719101360794	562687.5	5891	0.4974519415487635	937.5	0	0.0	1687.5	0	0.0	1687.5	0	0.0
CassandraWriteRequest	2000	188	565688.5	5976	0.5046295709888662	565688.5	5991	0.5058962114782961	942.5	0	0.0	1696.5	0	0.0	1696.5	0	0.0
CassandraWriteRequest	2000	189	568689.5	5972	0.5042918001916848	568689.5	5975	0.5045451282895709	947.5	0	0.0	1705.5	0	0.0	1705.5	0	0.0
CassandraWriteRequest	2000	190	571690.5	5984	0.5053051125832287	571690.5	5980	0.5049673417860475	952.5	0	0.0	1714.5	0	0.0	1714.5	0	0.0
CassandraWriteRequest	2000	191	574691.5	5985	0.5053895552825242	574691.5	5990	0.5058117687790008	957.5	0	0.0	1723.5	0	0.0	1723.5	0	0.0
CassandraWriteRequest	2000	192	577692.5	5982	0.5051362271846381	577692.5	5972	0.5042918001916848	962.5	0	0.0	1732.5	0	0.0	1732.5	0	0.0
CassandraWriteRequest	2000	193	580693.5	5983	0.5052206698839334	580693.5	5992	0.5059806541775914	967.5	0	0.0	1741.5	0	0.0	1741.5	0	0.0
CassandraWriteRequest	2000	194	583694.5	5997	0.5064028676740681	583694.5	5998	0.5064873103733634	972.5	0	0.0	1750.5	0	0.0	1750.5	0	0.0
CassandraWriteRequest	2000	195	586695.5	5977	0.5047140136881615	586695.5	5968	0.5039540293945036	977.5	0	0.0	1759.5	0	0.0	1759.5	0	0.0
CassandraWriteRequest	2000	196	589696.5	5980	0.5049673417860475	589696.5	5958	0.5031096024015503	982.5	0	0.0	1768.5	0	0.0	1768.5	0	0.0
CassandraWriteRequest	2000	197	592697.5	5594	0.47237245985805176	592697.5	5573	0.47059916317284994	987.5	0	0.0	1777.5	0	0.0	1777.5	0	0.0
CassandraWriteRequest	2000	198	595698.5	5908	0.498887467436784	595698.5	5956	0.5029407170029597	992.5	0	0.0	1786.5	0	0.0	1786.5	0	0.0
CassandraWriteRequest	2000	199	598699.5	5575	0.4707680485714406	598699.5	5579	0.4711058193686219	997.5	0	0.0	1795.5	0	0.0	1795.5	0	0.0
