'Request type'	'Load'	'Bucket'	'Start time'	'Absolute'	'Percent of requests'	'End time'	'Absolute'	'Percent of requests'	'Residence time'	'Absolute'	'Percent of requests'	'Theor. think time'	'Absolute'	'Percent of requests'	'Actual think time'	'Absolute'	'Percent of requests'
CassandraWriteRequest	500	0	1500.0	1493	0.5006925184531854	1500.0	1493	0.5006925184531854	2.0	217406	72.90928175943284	3.5	298187	100.0	3.5	298187	100.0
CassandraWriteRequest	500	1	4500.0	1484	0.4976742782213846	4500.0	1480	0.496332838118362	6.0	45903	15.394031262261601	10.5	0	0.0	10.5	0	0.0
CassandraWriteRequest	500	2	7500.0	1492	0.5003571584274298	7500.0	1496	0.5016985985304524	10.0	13912	4.665528678312603	17.5	0	0.0	17.5	0	0.0
CassandraWriteRequest	500	3	10500.0	1500	0.503040038633475	10500.0	1500	0.503040038633475	14.0	6403	2.147310244913427	24.5	0	0.0	24.5	0	0.0
CassandraWriteRequest	500	4	13500.0	1499	0.5027046786077193	13500.0	1494	0.501027878478941	18.0	3102	1.0402867998940262	31.5	0	0.0	31.5	0	0.0
CassandraWriteRequest	500	5	16500.0	1492	0.5003571584274298	16500.0	1457	0.488619557525982	22.0	1752	0.5875507651238988	38.5	0	0.0	38.5	0	0.0
CassandraWriteRequest	500	6	19500.0	1454	0.4876134774487151	19500.0	1494	0.501027878478941	26.0	1170	0.39237123013411046	45.5	0	0.0	45.5	0	0.0
CassandraWriteRequest	500	7	22500.0	1500	0.503040038633475	22500.0	1499	0.5027046786077193	30.0	977	0.32764674516327	52.5	0	0.0	52.5	0	0.0
CassandraWriteRequest	500	8	25500.0	1498	0.5023693185819637	25500.0	1493	0.5006925184531854	34.0	929	0.31154946392699884	59.5	0	0.0	59.5	0	0.0
CassandraWriteRequest	500	9	28500.0	1492	0.5003571584274298	28500.0	1498	0.5023693185819637	38.0	980	0.32865282524053696	66.5	0	0.0	66.5	0	0.0
CassandraWriteRequest	500	10	31500.0	1487	0.49868035829865154	31500.0	1485	0.49800963824714023	42.0	1746	0.5855386049693648	73.5	0	0.0	73.5	0	0.0
CassandraWriteRequest	500	11	34500.0	1494	0.501027878478941	34500.0	1496	0.5016985985304524	46.0	1851	0.6207514076737082	80.5	0	0.0	80.5	0	0.0
CassandraWriteRequest	500	12	37500.0	1500	0.503040038633475	37500.0	1498	0.5023693185819637	50.0	324	0.10865664834483059	87.5	0	0.0	87.5	0	0.0
CassandraWriteRequest	500	13	40500.0	1497	0.502033958556208	40500.0	1496	0.5016985985304524	54.0	154	0.0516454439663701	94.5	0	0.0	94.5	0	0.0
CassandraWriteRequest	500	14	43500.0	1492	0.5003571584274298	43500.0	1481	0.4966681981441176	58.0	142	0.0476211236573023	101.5	0	0.0	101.5	0	0.0
CassandraWriteRequest	500	15	46500.0	1478	0.4956621180668507	46500.0	1491	0.5000217984016742	62.0	76	0.0254873619574294	108.5	0	0.0	108.5	0	0.0
CassandraWriteRequest	500	16	49500.0	1499	0.5027046786077193	49500.0	1500	0.503040038633475	66.0	88	0.0295116822664972	115.5	0	0.0	115.5	0	0.0
CassandraWriteRequest	500	17	52500.0	1500	0.503040038633475	52500.0	1499	0.5027046786077193	70.0	76	0.0254873619574294	122.5	0	0.0	122.5	0	0.0
CassandraWriteRequest	500	18	55500.0	1498	0.5023693185819637	55500.0	1499	0.5027046786077193	74.0	89	0.029847042292252848	129.5	0	0.0	129.5	0	0.0
CassandraWriteRequest	500	19	58500.0	1500	0.503040038633475	58500.0	1500	0.503040038633475	78.0	69	0.02313984177713985	136.5	0	0.0	136.5	0	0.0
CassandraWriteRequest	500	20	61500.0	1500	0.503040038633475	61500.0	1500	0.503040038633475	82.0	63	0.02112768162260595	143.5	0	0.0	143.5	0	0.0
CassandraWriteRequest	500	21	64500.0	1444	0.4842598771911586	64500.0	1444	0.4842598771911586	86.0	71	0.02381056182865115	150.5	0	0.0	150.5	0	0.0
CassandraWriteRequest	500	22	67500.0	1492	0.5003571584274298	67500.0	1492	0.5003571584274298	90.0	85	0.028505602189230247	157.5	0	0.0	157.5	0	0.0
CassandraWriteRequest	500	23	70500.0	1496	0.5016985985304524	70500.0	1496	0.5016985985304524	94.0	92	0.0308531223695198	164.5	0	0.0	164.5	0	0.0
CassandraWriteRequest	500	24	73500.0	1496	0.5016985985304524	73500.0	1492	0.5003571584274298	98.0	70	0.023475201802895498	171.5	0	0.0	171.5	0	0.0
CassandraWriteRequest	500	25	76500.0	1495	0.5013632385046968	76500.0	1497	0.502033958556208	102.0	78	0.026158082008940698	178.5	0	0.0	178.5	0	0.0
CassandraWriteRequest	500	26	79500.0	1498	0.5023693185819637	79500.0	1496	0.5016985985304524	106.0	70	0.023475201802895498	185.5	0	0.0	185.5	0	0.0
CassandraWriteRequest	500	27	82500.0	1489	0.49935107835016285	82500.0	1493	0.5006925184531854	110.0	86	0.0288409622149859	192.5	0	0.0	192.5	0	0.0
CassandraWriteRequest	500	28	85500.0	1475	0.49465603798958374	85500.0	1461	0.48996099762900464	114.0	53	0.01777408136504945	199.5	0	0.0	199.5	0	0.0
CassandraWriteRequest	500	29	88500.0	1439	0.48258307706238035	88500.0	1442	0.4835891571396473	118.0	57	0.01911552146807205	206.5	0	0.0	206.5	0	0.0
CassandraWriteRequest	500	30	91500.0	1463	0.49063171768051594	91500.0	1474	0.49432067796382806	122.0	46	0.0154265611847599	213.5	0	0.0	213.5	0	0.0
CassandraWriteRequest	500	31	94500.0	1500	0.503040038633475	94500.0	1491	0.5000217984016742	126.0	51	0.017103361313538148	220.5	0	0.0	220.5	0	0.0
CassandraWriteRequest	500	32	97500.0	1482	0.4970035581698733	97500.0	1488	0.49901571832440716	130.0	29	0.00972544074691385	227.5	0	0.0	227.5	0	0.0
CassandraWriteRequest	500	33	100500.0	1496	0.5016985985304524	100500.0	1496	0.5016985985304524	134.0	22	0.0073779205666243	234.5	0	0.0	234.5	0	0.0
CassandraWriteRequest	500	34	103500.0	1497	0.502033958556208	103500.0	1499	0.5027046786077193	138.0	36	0.0120729609272034	241.5	0	0.0	241.5	0	0.0
CassandraWriteRequest	500	35	106500.0	1497	0.502033958556208	106500.0	1497	0.502033958556208	142.0	11	0.00368896028331215	248.5	0	0.0	248.5	0	0.0
CassandraWriteRequest	500	36	109500.0	1496	0.5016985985304524	109500.0	1495	0.5013632385046968	146.0	11	0.00368896028331215	255.5	0	0.0	255.5	0	0.0
CassandraWriteRequest	500	37	112500.0	1494	0.501027878478941	112500.0	1494	0.501027878478941	150.0	13	0.00435968033482345	262.5	0	0.0	262.5	0	0.0
CassandraWriteRequest	500	38	115500.0	1493	0.5006925184531854	115500.0	1495	0.5013632385046968	154.0	4	0.0013414401030226	269.5	0	0.0	269.5	0	0.0
CassandraWriteRequest	500	39	118500.0	1500	0.503040038633475	118500.0	1500	0.503040038633475	158.0	6	0.0020121601545339	276.5	0	0.0	276.5	0	0.0
CassandraWriteRequest	500	40	121500.0	1373	0.46044931536250744	121500.0	1373	0.46044931536250744	162.0	9	0.00301824023180085	283.5	0	0.0	283.5	0	0.0
CassandraWriteRequest	500	41	124500.0	1496	0.5016985985304524	124500.0	1496	0.5016985985304524	166.0	10	0.0033536002575565	290.5	0	0.0	290.5	0	0.0
CassandraWriteRequest	500	42	127500.0	1500	0.503040038633475	127500.0	1500	0.503040038633475	170.0	1	3.3536002575565E-4	297.5	0	0.0	297.5	0	0.0
CassandraWriteRequest	500	43	130500.0	1500	0.503040038633475	130500.0	1500	0.503040038633475	174.0	0	0.0	304.5	0	0.0	304.5	0	0.0
CassandraWriteRequest	500	44	133500.0	1489	0.49935107835016285	133500.0	1482	0.4970035581698733	178.0	0	0.0	311.5	0	0.0	311.5	0	0.0
CassandraWriteRequest	500	45	136500.0	1491	0.5000217984016742	136500.0	1498	0.5023693185819637	182.0	0	0.0	318.5	0	0.0	318.5	0	0.0
CassandraWriteRequest	500	46	139500.0	1500	0.503040038633475	139500.0	1500	0.503040038633475	186.0	0	0.0	325.5	0	0.0	325.5	0	0.0
CassandraWriteRequest	500	47	142500.0	1495	0.5013632385046968	142500.0	1491	0.5000217984016742	190.0	0	0.0	332.5	0	0.0	332.5	0	0.0
CassandraWriteRequest	500	48	145500.0	1491	0.5000217984016742	145500.0	1492	0.5003571584274298	194.0	0	0.0	339.5	0	0.0	339.5	0	0.0
CassandraWriteRequest	500	49	148500.0	1474	0.49432067796382806	148500.0	1477	0.49532675804109505	198.0	0	0.0	346.5	0	0.0	346.5	0	0.0
CassandraWriteRequest	500	50	151500.0	1496	0.5016985985304524	151500.0	1492	0.5003571584274298	202.0	0	0.0	353.5	0	0.0	353.5	0	0.0
CassandraWriteRequest	500	51	154500.0	1495	0.5013632385046968	154500.0	1498	0.5023693185819637	206.0	0	0.0	360.5	0	0.0	360.5	0	0.0
CassandraWriteRequest	500	52	157500.0	1497	0.502033958556208	157500.0	1498	0.5023693185819637	210.0	0	0.0	367.5	0	0.0	367.5	0	0.0
CassandraWriteRequest	500	53	160500.0	1500	0.503040038633475	160500.0	1499	0.5027046786077193	214.0	0	0.0	374.5	0	0.0	374.5	0	0.0
CassandraWriteRequest	500	54	163500.0	1498	0.5023693185819637	163500.0	1498	0.5023693185819637	218.0	0	0.0	381.5	0	0.0	381.5	0	0.0
CassandraWriteRequest	500	55	166500.0	1499	0.5027046786077193	166500.0	1498	0.5023693185819637	222.0	0	0.0	388.5	0	0.0	388.5	0	0.0
CassandraWriteRequest	500	56	169500.0	1498	0.5023693185819637	169500.0	1500	0.503040038633475	226.0	0	0.0	395.5	0	0.0	395.5	0	0.0
CassandraWriteRequest	500	57	172500.0	1500	0.503040038633475	172500.0	1500	0.503040038633475	230.0	0	0.0	402.5	0	0.0	402.5	0	0.0
CassandraWriteRequest	500	58	175500.0	1498	0.5023693185819637	175500.0	1498	0.5023693185819637	234.0	0	0.0	409.5	0	0.0	409.5	0	0.0
CassandraWriteRequest	500	59	178500.0	1499	0.5027046786077193	178500.0	1499	0.5027046786077193	238.0	0	0.0	416.5	0	0.0	416.5	0	0.0
CassandraWriteRequest	500	60	181500.0	1497	0.502033958556208	181500.0	1496	0.5016985985304524	242.0	0	0.0	423.5	0	0.0	423.5	0	0.0
CassandraWriteRequest	500	61	184500.0	1499	0.5027046786077193	184500.0	1500	0.503040038633475	246.0	0	0.0	430.5	0	0.0	430.5	0	0.0
CassandraWriteRequest	500	62	187500.0	1499	0.5027046786077193	187500.0	1498	0.5023693185819637	250.0	0	0.0	437.5	0	0.0	437.5	0	0.0
CassandraWriteRequest	500	63	190500.0	1499	0.5027046786077193	190500.0	1500	0.503040038633475	254.0	0	0.0	444.5	0	0.0	444.5	0	0.0
CassandraWriteRequest	500	64	193500.0	1500	0.503040038633475	193500.0	1500	0.503040038633475	258.0	0	0.0	451.5	0	0.0	451.5	0	0.0
CassandraWriteRequest	500	65	196500.0	1494	0.501027878478941	196500.0	1494	0.501027878478941	262.0	0	0.0	458.5	0	0.0	458.5	0	0.0
CassandraWriteRequest	500	66	199500.0	1500	0.503040038633475	199500.0	1500	0.503040038633475	266.0	0	0.0	465.5	0	0.0	465.5	0	0.0
CassandraWriteRequest	500	67	202500.0	1499	0.5027046786077193	202500.0	1499	0.5027046786077193	270.0	0	0.0	472.5	0	0.0	472.5	0	0.0
CassandraWriteRequest	500	68	205500.0	1498	0.5023693185819637	205500.0	1498	0.5023693185819637	274.0	0	0.0	479.5	0	0.0	479.5	0	0.0
CassandraWriteRequest	500	69	208500.0	1495	0.5013632385046968	208500.0	1495	0.5013632385046968	278.0	0	0.0	486.5	0	0.0	486.5	0	0.0
CassandraWriteRequest	500	70	211500.0	1493	0.5006925184531854	211500.0	1493	0.5006925184531854	282.0	0	0.0	493.5	0	0.0	493.5	0	0.0
CassandraWriteRequest	500	71	214500.0	1498	0.5023693185819637	214500.0	1498	0.5023693185819637	286.0	0	0.0	500.5	0	0.0	500.5	0	0.0
CassandraWriteRequest	500	72	217500.0	1500	0.503040038633475	217500.0	1500	0.503040038633475	290.0	0	0.0	507.5	0	0.0	507.5	0	0.0
CassandraWriteRequest	500	73	220500.0	1472	0.4936499579123168	220500.0	1471	0.4933145978865611	294.0	0	0.0	514.5	0	0.0	514.5	0	0.0
CassandraWriteRequest	500	74	223500.0	1490	0.4996864383759185	223500.0	1491	0.5000217984016742	298.0	0	0.0	521.5	0	0.0	521.5	0	0.0
CassandraWriteRequest	500	75	226500.0	1448	0.48560131729418116	226500.0	1438	0.48224771703662467	302.0	0	0.0	528.5	0	0.0	528.5	0	0.0
CassandraWriteRequest	500	76	229500.0	1469	0.4926438778350498	229500.0	1476	0.49499139801533937	306.0	0	0.0	535.5	0	0.0	535.5	0	0.0
CassandraWriteRequest	500	77	232500.0	1497	0.502033958556208	232500.0	1494	0.501027878478941	310.0	0	0.0	542.5	0	0.0	542.5	0	0.0
CassandraWriteRequest	500	78	235500.0	1482	0.4970035581698733	235500.0	1477	0.49532675804109505	314.0	0	0.0	549.5	0	0.0	549.5	0	0.0
CassandraWriteRequest	500	79	238500.0	1483	0.4973389181956289	238500.0	1492	0.5003571584274298	318.0	0	0.0	556.5	0	0.0	556.5	0	0.0
CassandraWriteRequest	500	80	241500.0	1495	0.5013632385046968	241500.0	1494	0.501027878478941	322.0	0	0.0	563.5	0	0.0	563.5	0	0.0
CassandraWriteRequest	500	81	244500.0	1497	0.502033958556208	244500.0	1500	0.503040038633475	326.0	0	0.0	570.5	0	0.0	570.5	0	0.0
CassandraWriteRequest	500	82	247500.0	1500	0.503040038633475	247500.0	1500	0.503040038633475	330.0	0	0.0	577.5	0	0.0	577.5	0	0.0
CassandraWriteRequest	500	83	250500.0	1497	0.502033958556208	250500.0	1497	0.502033958556208	334.0	0	0.0	584.5	0	0.0	584.5	0	0.0
CassandraWriteRequest	500	84	253500.0	1497	0.502033958556208	253500.0	1497	0.502033958556208	338.0	0	0.0	591.5	0	0.0	591.5	0	0.0
CassandraWriteRequest	500	85	256500.0	1498	0.5023693185819637	256500.0	1498	0.5023693185819637	342.0	0	0.0	598.5	0	0.0	598.5	0	0.0
CassandraWriteRequest	500	86	259500.0	1500	0.503040038633475	259500.0	1488	0.49901571832440716	346.0	0	0.0	605.5	0	0.0	605.5	0	0.0
CassandraWriteRequest	500	87	262500.0	1483	0.4973389181956289	262500.0	1495	0.5013632385046968	350.0	0	0.0	612.5	0	0.0	612.5	0	0.0
CassandraWriteRequest	500	88	265500.0	1497	0.502033958556208	265500.0	1496	0.5016985985304524	354.0	0	0.0	619.5	0	0.0	619.5	0	0.0
CassandraWriteRequest	500	89	268500.0	1494	0.501027878478941	268500.0	1489	0.49935107835016285	358.0	0	0.0	626.5	0	0.0	626.5	0	0.0
CassandraWriteRequest	500	90	271500.0	1494	0.501027878478941	271500.0	1498	0.5023693185819637	362.0	0	0.0	633.5	0	0.0	633.5	0	0.0
CassandraWriteRequest	500	91	274500.0	1495	0.5013632385046968	274500.0	1497	0.502033958556208	366.0	1	3.3536002575565E-4	640.5	0	0.0	640.5	0	0.0
CassandraWriteRequest	500	92	277500.0	1500	0.503040038633475	277500.0	1496	0.5016985985304524	370.0	1	3.3536002575565E-4	647.5	0	0.0	647.5	0	0.0
CassandraWriteRequest	500	93	280500.0	1495	0.5013632385046968	280500.0	1499	0.5027046786077193	374.0	0	0.0	654.5	0	0.0	654.5	0	0.0
CassandraWriteRequest	500	94	283500.0	1491	0.5000217984016742	283500.0	1490	0.4996864383759185	378.0	0	0.0	661.5	0	0.0	661.5	0	0.0
CassandraWriteRequest	500	95	286500.0	1498	0.5023693185819637	286500.0	1496	0.5016985985304524	382.0	0	0.0	668.5	0	0.0	668.5	0	0.0
CassandraWriteRequest	500	96	289500.0	1457	0.488619557525982	289500.0	1458	0.4889549175517377	386.0	1	3.3536002575565E-4	675.5	0	0.0	675.5	0	0.0
CassandraWriteRequest	500	97	292500.0	1498	0.5023693185819637	292500.0	1495	0.5013632385046968	390.0	2	6.707200515113E-4	682.5	0	0.0	682.5	0	0.0
CassandraWriteRequest	500	98	295500.0	1479	0.49599747809260636	295500.0	1483	0.4973389181956289	394.0	3	0.00100608007726695	689.5	0	0.0	689.5	0	0.0
CassandraWriteRequest	500	99	298500.0	1407	0.4718515562381995	298500.0	1407	0.4718515562381995	398.0	2	6.707200515113E-4	696.5	0	0.0	696.5	0	0.0
CassandraWriteRequest	500	100	301500.0	1499	0.5027046786077193	301500.0	1496	0.5016985985304524	402.0	0	0.0	703.5	0	0.0	703.5	0	0.0
CassandraWriteRequest	500	101	304500.0	1492	0.5003571584274298	304500.0	1496	0.5016985985304524	406.0	0	0.0	710.5	0	0.0	710.5	0	0.0
CassandraWriteRequest	500	102	307500.0	1491	0.5000217984016742	307500.0	1491	0.5000217984016742	410.0	3	0.00100608007726695	717.5	0	0.0	717.5	0	0.0
CassandraWriteRequest	500	103	310500.0	1498	0.5023693185819637	310500.0	1498	0.5023693185819637	414.0	1	3.3536002575565E-4	724.5	0	0.0	724.5	0	0.0
CassandraWriteRequest	500	104	313500.0	1500	0.503040038633475	313500.0	1500	0.503040038633475	418.0	0	0.0	731.5	0	0.0	731.5	0	0.0
CassandraWriteRequest	500	105	316500.0	1488	0.49901571832440716	316500.0	1479	0.49599747809260636	422.0	3	0.00100608007726695	738.5	0	0.0	738.5	0	0.0
CassandraWriteRequest	500	106	319500.0	1482	0.4970035581698733	319500.0	1491	0.5000217984016742	426.0	1	3.3536002575565E-4	745.5	0	0.0	745.5	0	0.0
CassandraWriteRequest	500	107	322500.0	1497	0.502033958556208	322500.0	1497	0.502033958556208	430.0	5	0.00167680012877825	752.5	0	0.0	752.5	0	0.0
CassandraWriteRequest	500	108	325500.0	1495	0.5013632385046968	325500.0	1495	0.5013632385046968	434.0	0	0.0	759.5	0	0.0	759.5	0	0.0
CassandraWriteRequest	500	109	328500.0	1495	0.5013632385046968	328500.0	1489	0.49935107835016285	438.0	1	3.3536002575565E-4	766.5	0	0.0	766.5	0	0.0
CassandraWriteRequest	500	110	331500.0	1480	0.496332838118362	331500.0	1486	0.49834499827289586	442.0	0	0.0	773.5	0	0.0	773.5	0	0.0
CassandraWriteRequest	500	111	334500.0	1496	0.5016985985304524	334500.0	1488	0.49901571832440716	446.0	0	0.0	780.5	0	0.0	780.5	0	0.0
CassandraWriteRequest	500	112	337500.0	1480	0.496332838118362	337500.0	1486	0.49834499827289586	450.0	2	6.707200515113E-4	787.5	0	0.0	787.5	0	0.0
CassandraWriteRequest	500	113	340500.0	1497	0.502033958556208	340500.0	1499	0.5027046786077193	454.0	4	0.0013414401030226	794.5	0	0.0	794.5	0	0.0
CassandraWriteRequest	500	114	343500.0	1492	0.5003571584274298	343500.0	1489	0.49935107835016285	458.0	1	3.3536002575565E-4	801.5	0	0.0	801.5	0	0.0
CassandraWriteRequest	500	115	346500.0	1497	0.502033958556208	346500.0	1500	0.503040038633475	462.0	0	0.0	808.5	0	0.0	808.5	0	0.0
CassandraWriteRequest	500	116	349500.0	1499	0.5027046786077193	349500.0	1499	0.5027046786077193	466.0	1	3.3536002575565E-4	815.5	0	0.0	815.5	0	0.0
CassandraWriteRequest	500	117	352500.0	1497	0.502033958556208	352500.0	1495	0.5013632385046968	470.0	2	6.707200515113E-4	822.5	0	0.0	822.5	0	0.0
CassandraWriteRequest	500	118	355500.0	1498	0.5023693185819637	355500.0	1500	0.503040038633475	474.0	5	0.00167680012877825	829.5	0	0.0	829.5	0	0.0
CassandraWriteRequest	500	119	358500.0	1500	0.503040038633475	358500.0	1500	0.503040038633475	478.0	3	0.00100608007726695	836.5	0	0.0	836.5	0	0.0
CassandraWriteRequest	500	120	361500.0	1500	0.503040038633475	361500.0	1500	0.503040038633475	482.0	0	0.0	843.5	0	0.0	843.5	0	0.0
CassandraWriteRequest	500	121	364500.0	1496	0.5016985985304524	364500.0	1492	0.5003571584274298	486.0	0	0.0	850.5	0	0.0	850.5	0	0.0
CassandraWriteRequest	500	122	367500.0	1491	0.5000217984016742	367500.0	1492	0.5003571584274298	490.0	0	0.0	857.5	0	0.0	857.5	0	0.0
CassandraWriteRequest	500	123	370500.0	1494	0.501027878478941	370500.0	1496	0.5016985985304524	494.0	1	3.3536002575565E-4	864.5	0	0.0	864.5	0	0.0
CassandraWriteRequest	500	124	373500.0	1499	0.5027046786077193	373500.0	1497	0.502033958556208	498.0	0	0.0	871.5	0	0.0	871.5	0	0.0
CassandraWriteRequest	500	125	376500.0	1492	0.5003571584274298	376500.0	1491	0.5000217984016742	502.0	1	3.3536002575565E-4	878.5	0	0.0	878.5	0	0.0
CassandraWriteRequest	500	126	379500.0	1495	0.5013632385046968	379500.0	1499	0.5027046786077193	506.0	0	0.0	885.5	0	0.0	885.5	0	0.0
CassandraWriteRequest	500	127	382500.0	1497	0.502033958556208	382500.0	1497	0.502033958556208	510.0	1	3.3536002575565E-4	892.5	0	0.0	892.5	0	0.0
CassandraWriteRequest	500	128	385500.0	1500	0.503040038633475	385500.0	1499	0.5027046786077193	514.0	0	0.0	899.5	0	0.0	899.5	0	0.0
CassandraWriteRequest	500	129	388500.0	1494	0.501027878478941	388500.0	1493	0.5006925184531854	518.0	0	0.0	906.5	0	0.0	906.5	0	0.0
CassandraWriteRequest	500	130	391500.0	1497	0.502033958556208	391500.0	1499	0.5027046786077193	522.0	0	0.0	913.5	0	0.0	913.5	0	0.0
CassandraWriteRequest	500	131	394500.0	1493	0.5006925184531854	394500.0	1491	0.5000217984016742	526.0	0	0.0	920.5	0	0.0	920.5	0	0.0
CassandraWriteRequest	500	132	397500.0	1498	0.5023693185819637	397500.0	1500	0.503040038633475	530.0	0	0.0	927.5	0	0.0	927.5	0	0.0
CassandraWriteRequest	500	133	400500.0	1495	0.5013632385046968	400500.0	1495	0.5013632385046968	534.0	0	0.0	934.5	0	0.0	934.5	0	0.0
CassandraWriteRequest	500	134	403500.0	1486	0.49834499827289586	403500.0	1478	0.4956621180668507	538.0	0	0.0	941.5	0	0.0	941.5	0	0.0
CassandraWriteRequest	500	135	406500.0	1487	0.49868035829865154	406500.0	1495	0.5013632385046968	542.0	1	3.3536002575565E-4	948.5	0	0.0	948.5	0	0.0
CassandraWriteRequest	500	136	409500.0	1500	0.503040038633475	409500.0	1500	0.503040038633475	546.0	0	0.0	955.5	0	0.0	955.5	0	0.0
CassandraWriteRequest	500	137	412500.0	1495	0.5013632385046968	412500.0	1495	0.5013632385046968	550.0	0	0.0	962.5	0	0.0	962.5	0	0.0
CassandraWriteRequest	500	138	415500.0	1491	0.5000217984016742	415500.0	1485	0.49800963824714023	554.0	1	3.3536002575565E-4	969.5	0	0.0	969.5	0	0.0
CassandraWriteRequest	500	139	418500.0	1488	0.49901571832440716	418500.0	1481	0.4966681981441176	558.0	0	0.0	976.5	0	0.0	976.5	0	0.0
CassandraWriteRequest	500	140	421500.0	1480	0.496332838118362	421500.0	1490	0.4996864383759185	562.0	0	0.0	983.5	0	0.0	983.5	0	0.0
CassandraWriteRequest	500	141	424500.0	1473	0.49398531793807243	424500.0	1472	0.4936499579123168	566.0	0	0.0	990.5	0	0.0	990.5	0	0.0
CassandraWriteRequest	500	142	427500.0	1480	0.496332838118362	427500.0	1477	0.49532675804109505	570.0	0	0.0	997.5	0	0.0	997.5	0	0.0
CassandraWriteRequest	500	143	430500.0	1493	0.5006925184531854	430500.0	1500	0.503040038633475	574.0	1	3.3536002575565E-4	1004.5	0	0.0	1004.5	0	0.0
CassandraWriteRequest	500	144	433500.0	1496	0.5016985985304524	433500.0	1487	0.49868035829865154	578.0	0	0.0	1011.5	0	0.0	1011.5	0	0.0
CassandraWriteRequest	500	145	436500.0	1488	0.49901571832440716	436500.0	1490	0.4996864383759185	582.0	0	0.0	1018.5	0	0.0	1018.5	0	0.0
CassandraWriteRequest	500	146	439500.0	1493	0.5006925184531854	439500.0	1497	0.502033958556208	586.0	1	3.3536002575565E-4	1025.5	0	0.0	1025.5	0	0.0
CassandraWriteRequest	500	147	442500.0	1487	0.49868035829865154	442500.0	1490	0.4996864383759185	590.0	0	0.0	1032.5	0	0.0	1032.5	0	0.0
CassandraWriteRequest	500	148	445500.0	1471	0.4933145978865611	445500.0	1471	0.4933145978865611	594.0	1	3.3536002575565E-4	1039.5	0	0.0	1039.5	0	0.0
CassandraWriteRequest	500	149	448500.0	1497	0.502033958556208	448500.0	1497	0.502033958556208	598.0	1	3.3536002575565E-4	1046.5	0	0.0	1046.5	0	0.0
CassandraWriteRequest	500	150	451500.0	1494	0.501027878478941	451500.0	1494	0.501027878478941	602.0	0	0.0	1053.5	0	0.0	1053.5	0	0.0
CassandraWriteRequest	500	151	454500.0	1492	0.5003571584274298	454500.0	1492	0.5003571584274298	606.0	1	3.3536002575565E-4	1060.5	0	0.0	1060.5	0	0.0
CassandraWriteRequest	500	152	457500.0	1500	0.503040038633475	457500.0	1499	0.5027046786077193	610.0	0	0.0	1067.5	0	0.0	1067.5	0	0.0
CassandraWriteRequest	500	153	460500.0	1498	0.5023693185819637	460500.0	1499	0.5027046786077193	614.0	0	0.0	1074.5	0	0.0	1074.5	0	0.0
CassandraWriteRequest	500	154	463500.0	1413	0.47386371639273345	463500.0	1413	0.47386371639273345	618.0	0	0.0	1081.5	0	0.0	1081.5	0	0.0
CassandraWriteRequest	500	155	466500.0	1499	0.5027046786077193	466500.0	1498	0.5023693185819637	622.0	0	0.0	1088.5	0	0.0	1088.5	0	0.0
CassandraWriteRequest	500	156	469500.0	1498	0.5023693185819637	469500.0	1499	0.5027046786077193	626.0	0	0.0	1095.5	0	0.0	1095.5	0	0.0
CassandraWriteRequest	500	157	472500.0	1499	0.5027046786077193	472500.0	1498	0.5023693185819637	630.0	0	0.0	1102.5	0	0.0	1102.5	0	0.0
CassandraWriteRequest	500	158	475500.0	1498	0.5023693185819637	475500.0	1499	0.5027046786077193	634.0	0	0.0	1109.5	0	0.0	1109.5	0	0.0
CassandraWriteRequest	500	159	478500.0	1498	0.5023693185819637	478500.0	1497	0.502033958556208	638.0	0	0.0	1116.5	0	0.0	1116.5	0	0.0
CassandraWriteRequest	500	160	481500.0	1496	0.5016985985304524	481500.0	1497	0.502033958556208	642.0	0	0.0	1123.5	0	0.0	1123.5	0	0.0
CassandraWriteRequest	500	161	484500.0	1500	0.503040038633475	484500.0	1497	0.502033958556208	646.0	0	0.0	1130.5	0	0.0	1130.5	0	0.0
CassandraWriteRequest	500	162	487500.0	1497	0.502033958556208	487500.0	1496	0.5016985985304524	650.0	0	0.0	1137.5	0	0.0	1137.5	0	0.0
CassandraWriteRequest	500	163	490500.0	1492	0.5003571584274298	490500.0	1496	0.5016985985304524	654.0	0	0.0	1144.5	0	0.0	1144.5	0	0.0
CassandraWriteRequest	500	164	493500.0	1498	0.5023693185819637	493500.0	1495	0.5013632385046968	658.0	1	3.3536002575565E-4	1151.5	0	0.0	1151.5	0	0.0
CassandraWriteRequest	500	165	496500.0	1493	0.5006925184531854	496500.0	1496	0.5016985985304524	662.0	0	0.0	1158.5	0	0.0	1158.5	0	0.0
CassandraWriteRequest	500	166	499500.0	1456	0.4882841975002264	499500.0	1456	0.4882841975002264	666.0	0	0.0	1165.5	0	0.0	1165.5	0	0.0
CassandraWriteRequest	500	167	502500.0	1493	0.5006925184531854	502500.0	1492	0.5003571584274298	670.0	1	3.3536002575565E-4	1172.5	0	0.0	1172.5	0	0.0
CassandraWriteRequest	500	168	505500.0	1496	0.5016985985304524	505500.0	1497	0.502033958556208	674.0	0	0.0	1179.5	0	0.0	1179.5	0	0.0
CassandraWriteRequest	500	169	508500.0	1490	0.4996864383759185	508500.0	1485	0.49800963824714023	678.0	2	6.707200515113E-4	1186.5	0	0.0	1186.5	0	0.0
CassandraWriteRequest	500	170	511500.0	1480	0.496332838118362	511500.0	1483	0.4973389181956289	682.0	1	3.3536002575565E-4	1193.5	0	0.0	1193.5	0	0.0
CassandraWriteRequest	500	171	514500.0	1492	0.5003571584274298	514500.0	1490	0.4996864383759185	686.0	1	3.3536002575565E-4	1200.5	0	0.0	1200.5	0	0.0
CassandraWriteRequest	500	172	517500.0	1490	0.4996864383759185	517500.0	1490	0.4996864383759185	690.0	1	3.3536002575565E-4	1207.5	0	0.0	1207.5	0	0.0
CassandraWriteRequest	500	173	520500.0	1481	0.4966681981441176	520500.0	1481	0.4966681981441176	694.0	0	0.0	1214.5	0	0.0	1214.5	0	0.0
CassandraWriteRequest	500	174	523500.0	1496	0.5016985985304524	523500.0	1500	0.503040038633475	698.0	0	0.0	1221.5	0	0.0	1221.5	0	0.0
CassandraWriteRequest	500	175	526500.0	1496	0.5016985985304524	526500.0	1495	0.5013632385046968	702.0	0	0.0	1228.5	0	0.0	1228.5	0	0.0
CassandraWriteRequest	500	176	529500.0	1494	0.501027878478941	529500.0	1491	0.5000217984016742	706.0	0	0.0	1235.5	0	0.0	1235.5	0	0.0
CassandraWriteRequest	500	177	532500.0	1454	0.4876134774487151	532500.0	1458	0.4889549175517377	710.0	0	0.0	1242.5	0	0.0	1242.5	0	0.0
CassandraWriteRequest	500	178	535500.0	1500	0.503040038633475	535500.0	1500	0.503040038633475	714.0	0	0.0	1249.5	0	0.0	1249.5	0	0.0
CassandraWriteRequest	500	179	538500.0	1500	0.503040038633475	538500.0	1500	0.503040038633475	718.0	1	3.3536002575565E-4	1256.5	0	0.0	1256.5	0	0.0
CassandraWriteRequest	500	180	541500.0	1500	0.503040038633475	541500.0	1500	0.503040038633475	722.0	0	0.0	1263.5	0	0.0	1263.5	0	0.0
CassandraWriteRequest	500	181	544500.0	1500	0.503040038633475	544500.0	1499	0.5027046786077193	726.0	0	0.0	1270.5	0	0.0	1270.5	0	0.0
CassandraWriteRequest	500	182	547500.0	1499	0.5027046786077193	547500.0	1497	0.502033958556208	730.0	0	0.0	1277.5	0	0.0	1277.5	0	0.0
CassandraWriteRequest	500	183	550500.0	1494	0.501027878478941	550500.0	1497	0.502033958556208	734.0	1	3.3536002575565E-4	1284.5	0	0.0	1284.5	0	0.0
CassandraWriteRequest	500	184	553500.0	1492	0.5003571584274298	553500.0	1488	0.49901571832440716	738.0	1	3.3536002575565E-4	1291.5	0	0.0	1291.5	0	0.0
CassandraWriteRequest	500	185	556500.0	1493	0.5006925184531854	556500.0	1497	0.502033958556208	742.0	0	0.0	1298.5	0	0.0	1298.5	0	0.0
CassandraWriteRequest	500	186	559500.0	1492	0.5003571584274298	559500.0	1491	0.5000217984016742	746.0	0	0.0	1305.5	0	0.0	1305.5	0	0.0
CassandraWriteRequest	500	187	562500.0	1495	0.5013632385046968	562500.0	1496	0.5016985985304524	750.0	0	0.0	1312.5	0	0.0	1312.5	0	0.0
CassandraWriteRequest	500	188	565500.0	1500	0.503040038633475	565500.0	1500	0.503040038633475	754.0	0	0.0	1319.5	0	0.0	1319.5	0	0.0
CassandraWriteRequest	500	189	568500.0	1495	0.5013632385046968	568500.0	1495	0.5013632385046968	758.0	1	3.3536002575565E-4	1326.5	0	0.0	1326.5	0	0.0
CassandraWriteRequest	500	190	571500.0	1499	0.5027046786077193	571500.0	1499	0.5027046786077193	762.0	1	3.3536002575565E-4	1333.5	0	0.0	1333.5	0	0.0
CassandraWriteRequest	500	191	574500.0	1495	0.5013632385046968	574500.0	1494	0.501027878478941	766.0	0	0.0	1340.5	0	0.0	1340.5	0	0.0
CassandraWriteRequest	500	192	577500.0	1497	0.502033958556208	577500.0	1498	0.5023693185819637	770.0	0	0.0	1347.5	0	0.0	1347.5	0	0.0
CassandraWriteRequest	500	193	580500.0	1500	0.503040038633475	580500.0	1500	0.503040038633475	774.0	0	0.0	1354.5	0	0.0	1354.5	0	0.0
CassandraWriteRequest	500	194	583500.0	1499	0.5027046786077193	583500.0	1495	0.5013632385046968	778.0	0	0.0	1361.5	0	0.0	1361.5	0	0.0
CassandraWriteRequest	500	195	586500.0	1494	0.501027878478941	586500.0	1496	0.5016985985304524	782.0	0	0.0	1368.5	0	0.0	1368.5	0	0.0
CassandraWriteRequest	500	196	589500.0	1484	0.4976742782213846	589500.0	1482	0.4970035581698733	786.0	0	0.0	1375.5	0	0.0	1375.5	0	0.0
CassandraWriteRequest	500	197	592500.0	1495	0.5013632385046968	592500.0	1499	0.5027046786077193	790.0	0	0.0	1382.5	0	0.0	1382.5	0	0.0
CassandraWriteRequest	500	198	595500.0	1500	0.503040038633475	595500.0	1500	0.503040038633475	794.0	0	0.0	1389.5	0	0.0	1389.5	0	0.0
CassandraWriteRequest	500	199	598500.0	1498	0.5023693185819637	598500.0	1498	0.5023693185819637	798.0	0	0.0	1396.5	0	0.0	1396.5	0	0.0
