'Request type'	'Load'	'Bucket'	'Start time'	'Absolute'	'Percent of requests'	'End time'	'Absolute'	'Percent of requests'	'Residence time'	'Absolute'	'Percent of requests'	'Theor. think time'	'Absolute'	'Percent of requests'	'Actual think time'	'Absolute'	'Percent of requests'
CassandraWriteRequest	500	0	1000.0	999	0.5036119919139777	1000.0	999	0.5036119919139777	0.5	54242	27.344265931329303	3.0	198367	100.0	3.0	198367	100.0
CassandraWriteRequest	500	1	3000.0	996	0.5020996435899117	3000.0	996	0.5020996435899117	1.5	54909	27.68051137537998	9.0	0	0.0	9.0	0	0.0
CassandraWriteRequest	500	2	5000.0	986	0.49705848250969165	5000.0	962	0.48495969591716365	2.5	27128	13.675661778420807	15.0	0	0.0	15.0	0	0.0
CassandraWriteRequest	500	3	7000.0	976	0.49201732142947163	7000.0	1000	0.5041161080219997	3.5	14924	7.523428796120323	21.0	0	0.0	21.0	0	0.0
CassandraWriteRequest	500	4	9000.0	991	0.49957906304980165	9000.0	990	0.4990749469417796	4.5	9659	4.869257487384495	27.0	0	0.0	27.0	0	0.0
CassandraWriteRequest	500	5	11000.0	998	0.5031078758059556	11000.0	999	0.5036119919139777	5.5	6629	3.3417856800778356	33.0	0	0.0	33.0	0	0.0
CassandraWriteRequest	500	6	13000.0	997	0.5026037596979337	13000.0	984	0.49605025029364763	6.5	4665	2.3517016439226284	39.0	0	0.0	39.0	0	0.0
CassandraWriteRequest	500	7	15000.0	965	0.48647204424122964	15000.0	978	0.49302555364551565	7.5	3390	1.7089536061945787	45.0	0	0.0	45.0	0	0.0
CassandraWriteRequest	500	8	17000.0	994	0.5010914113738676	17000.0	972	0.49000085699738366	8.5	2490	1.255249108974779	51.0	0	0.0	51.0	0	0.0
CassandraWriteRequest	500	9	19000.0	968	0.48798439256529563	19000.0	990	0.4990749469417796	9.5	2090	1.0536026657659792	57.0	0	0.0	57.0	0	0.0
CassandraWriteRequest	500	10	21000.0	998	0.5031078758059556	21000.0	989	0.49857083083375764	10.5	1619	0.8161639788876174	63.0	0	0.0	63.0	0	0.0
CassandraWriteRequest	500	11	23000.0	991	0.49957906304980165	23000.0	996	0.5020996435899117	11.5	1209	0.6094763745985976	69.0	0	0.0	69.0	0	0.0
CassandraWriteRequest	500	12	25000.0	992	0.5000831791578236	25000.0	996	0.5020996435899117	12.5	1027	0.5177272429385936	75.0	0	0.0	75.0	0	0.0
CassandraWriteRequest	500	13	27000.0	966	0.4869761603492517	27000.0	903	0.45521684554386566	13.5	989	0.49857083083375764	81.0	0	0.0	81.0	0	0.0
CassandraWriteRequest	500	14	29000.0	927	0.46731563213639365	29000.0	985	0.49655436640166967	14.5	999	0.5036119919139777	87.0	0	0.0	87.0	0	0.0
CassandraWriteRequest	500	15	31000.0	995	0.5015955274818896	31000.0	1000	0.5041161080219997	15.5	776	0.3911940998250717	93.0	0	0.0	93.0	0	0.0
CassandraWriteRequest	500	16	33000.0	1000	0.5041161080219997	33000.0	1000	0.5041161080219997	16.5	621	0.31305610308166176	99.0	0	0.0	99.0	0	0.0
CassandraWriteRequest	500	17	35000.0	1000	0.5041161080219997	35000.0	1000	0.5041161080219997	17.5	513	0.2586115634152858	105.0	0	0.0	105.0	0	0.0
CassandraWriteRequest	500	18	37000.0	1000	0.5041161080219997	37000.0	1000	0.5041161080219997	18.5	491	0.2475210090388018	111.0	0	0.0	111.0	0	0.0
CassandraWriteRequest	500	19	39000.0	1000	0.5041161080219997	39000.0	1000	0.5041161080219997	19.5	464	0.23390987412220784	117.0	0	0.0	117.0	0	0.0
CassandraWriteRequest	500	20	41000.0	1000	0.5041161080219997	41000.0	1000	0.5041161080219997	20.5	376	0.18954765661627188	123.0	0	0.0	123.0	0	0.0
CassandraWriteRequest	500	21	43000.0	1000	0.5041161080219997	43000.0	1000	0.5041161080219997	21.5	326	0.1643418512151719	129.0	0	0.0	129.0	0	0.0
CassandraWriteRequest	500	22	45000.0	1000	0.5041161080219997	45000.0	1000	0.5041161080219997	22.5	309	0.15577187737879788	135.0	0	0.0	135.0	0	0.0
CassandraWriteRequest	500	23	47000.0	1000	0.5041161080219997	47000.0	1000	0.5041161080219997	23.5	275	0.1386319297060499	141.0	0	0.0	141.0	0	0.0
CassandraWriteRequest	500	24	49000.0	1000	0.5041161080219997	49000.0	1000	0.5041161080219997	24.5	295	0.1487142518664899	147.0	0	0.0	147.0	0	0.0
CassandraWriteRequest	500	25	51000.0	1000	0.5041161080219997	51000.0	999	0.5036119919139777	25.5	270	0.1361113491659399	153.0	0	0.0	153.0	0	0.0
CassandraWriteRequest	500	26	53000.0	999	0.5036119919139777	53000.0	1000	0.5041161080219997	26.5	217	0.10939319544077392	159.0	0	0.0	159.0	0	0.0
CassandraWriteRequest	500	27	55000.0	1000	0.5041161080219997	55000.0	1000	0.5041161080219997	27.5	205	0.10334380214450993	165.0	0	0.0	165.0	0	0.0
CassandraWriteRequest	500	28	57000.0	989	0.49857083083375764	57000.0	989	0.49857083083375764	28.5	196	0.09880675717231192	171.0	0	0.0	171.0	0	0.0
CassandraWriteRequest	500	29	59000.0	997	0.5026037596979337	59000.0	997	0.5026037596979337	29.5	192	0.09679029274022394	177.0	0	0.0	177.0	0	0.0
CassandraWriteRequest	500	30	61000.0	999	0.5036119919139777	61000.0	999	0.5036119919139777	30.5	120	0.060493932962639954	183.0	0	0.0	183.0	0	0.0
CassandraWriteRequest	500	31	63000.0	996	0.5020996435899117	63000.0	996	0.5020996435899117	31.5	219	0.11040142765681792	189.0	0	0.0	189.0	0	0.0
CassandraWriteRequest	500	32	65000.0	979	0.4935296697535376	65000.0	979	0.4935296697535376	32.5	188	0.09477382830813594	195.0	0	0.0	195.0	0	0.0
CassandraWriteRequest	500	33	67000.0	999	0.5036119919139777	67000.0	996	0.5020996435899117	33.5	161	0.08116269339154195	201.0	0	0.0	201.0	0	0.0
CassandraWriteRequest	500	34	69000.0	990	0.4990749469417796	69000.0	993	0.5005872952658457	34.5	175	0.08822031890384993	207.0	0	0.0	207.0	0	0.0
CassandraWriteRequest	500	35	71000.0	999	0.5036119919139777	71000.0	998	0.5031078758059556	35.5	125	0.06301451350274996	213.0	0	0.0	213.0	0	0.0
CassandraWriteRequest	500	36	73000.0	996	0.5020996435899117	73000.0	997	0.5026037596979337	36.5	120	0.060493932962639954	219.0	0	0.0	219.0	0	0.0
CassandraWriteRequest	500	37	75000.0	1000	0.5041161080219997	75000.0	1000	0.5041161080219997	37.5	111	0.05595688799044196	225.0	0	0.0	225.0	0	0.0
CassandraWriteRequest	500	38	77000.0	1000	0.5041161080219997	77000.0	1000	0.5041161080219997	38.5	144	0.07259271955516795	231.0	0	0.0	231.0	0	0.0
CassandraWriteRequest	500	39	79000.0	1000	0.5041161080219997	79000.0	1000	0.5041161080219997	39.5	127	0.06402274571879396	237.0	0	0.0	237.0	0	0.0
CassandraWriteRequest	500	40	81000.0	1000	0.5041161080219997	81000.0	1000	0.5041161080219997	40.5	159	0.08015446117549795	243.0	0	0.0	243.0	0	0.0
CassandraWriteRequest	500	41	83000.0	1000	0.5041161080219997	83000.0	1000	0.5041161080219997	41.5	121	0.060998049070661954	249.0	0	0.0	249.0	0	0.0
CassandraWriteRequest	500	42	85000.0	1000	0.5041161080219997	85000.0	1000	0.5041161080219997	42.5	140	0.07057625512307995	255.0	0	0.0	255.0	0	0.0
CassandraWriteRequest	500	43	87000.0	1000	0.5041161080219997	87000.0	945	0.47638972208078967	43.5	109	0.05494865577439796	261.0	0	0.0	261.0	0	0.0
CassandraWriteRequest	500	44	89000.0	945	0.47638972208078967	89000.0	1000	0.5041161080219997	44.5	134	0.06755155847494795	267.0	0	0.0	267.0	0	0.0
CassandraWriteRequest	500	45	91000.0	1000	0.5041161080219997	91000.0	1000	0.5041161080219997	45.5	126	0.06351862961077195	273.0	0	0.0	273.0	0	0.0
CassandraWriteRequest	500	46	93000.0	1000	0.5041161080219997	93000.0	1000	0.5041161080219997	46.5	85	0.04284986918186997	279.0	0	0.0	279.0	0	0.0
CassandraWriteRequest	500	47	95000.0	1000	0.5041161080219997	95000.0	1000	0.5041161080219997	47.5	166	0.08368327393165194	285.0	0	0.0	285.0	0	0.0
CassandraWriteRequest	500	48	97000.0	1000	0.5041161080219997	97000.0	974	0.4910090892134277	48.5	107	0.05394042355835396	291.0	0	0.0	291.0	0	0.0
CassandraWriteRequest	500	49	99000.0	974	0.4910090892134277	99000.0	1000	0.5041161080219997	49.5	101	0.05091572691022196	297.0	0	0.0	297.0	0	0.0
CassandraWriteRequest	500	50	101000.0	1000	0.5041161080219997	101000.0	1000	0.5041161080219997	50.5	91	0.04587456583000197	303.0	0	0.0	303.0	0	0.0
CassandraWriteRequest	500	51	103000.0	1000	0.5041161080219997	103000.0	1000	0.5041161080219997	51.5	105	0.05293219134230996	309.0	0	0.0	309.0	0	0.0
CassandraWriteRequest	500	52	105000.0	992	0.5000831791578236	105000.0	987	0.4975625986177136	52.5	101	0.05091572691022196	315.0	0	0.0	315.0	0	0.0
CassandraWriteRequest	500	53	107000.0	995	0.5015955274818896	107000.0	1000	0.5041161080219997	53.5	109	0.05494865577439796	321.0	0	0.0	321.0	0	0.0
CassandraWriteRequest	500	54	109000.0	999	0.5036119919139777	109000.0	990	0.4990749469417796	54.5	106	0.05343630745033196	327.0	0	0.0	327.0	0	0.0
CassandraWriteRequest	500	55	111000.0	990	0.4990749469417796	111000.0	998	0.5031078758059556	55.5	63	0.03175931480538598	333.0	0	0.0	333.0	0	0.0
CassandraWriteRequest	500	56	113000.0	991	0.49957906304980165	113000.0	990	0.4990749469417796	56.5	111	0.05595688799044196	339.0	0	0.0	339.0	0	0.0
CassandraWriteRequest	500	57	115000.0	986	0.49705848250969165	115000.0	988	0.49806671472573566	57.5	97	0.04889926247813396	345.0	0	0.0	345.0	0	0.0
CassandraWriteRequest	500	58	117000.0	960	0.48395146370111963	117000.0	896	0.4516880327877117	58.5	92	0.04637868193802397	351.0	0	0.0	351.0	0	0.0
CassandraWriteRequest	500	59	119000.0	925	0.46630739992034964	119000.0	989	0.49857083083375764	59.5	91	0.04587456583000197	357.0	0	0.0	357.0	0	0.0
CassandraWriteRequest	500	60	121000.0	986	0.49705848250969165	121000.0	986	0.49705848250969165	60.5	83	0.04184163696582597	363.0	0	0.0	363.0	0	0.0
CassandraWriteRequest	500	61	123000.0	999	0.5036119919139777	123000.0	999	0.5036119919139777	61.5	73	0.03680047588560598	369.0	0	0.0	369.0	0	0.0
CassandraWriteRequest	500	62	125000.0	1000	0.5041161080219997	125000.0	1000	0.5041161080219997	62.5	53	0.02671815372516598	375.0	0	0.0	375.0	0	0.0
CassandraWriteRequest	500	63	127000.0	1000	0.5041161080219997	127000.0	1000	0.5041161080219997	63.5	58	0.02923873426527598	381.0	0	0.0	381.0	0	0.0
CassandraWriteRequest	500	64	129000.0	1000	0.5041161080219997	129000.0	1000	0.5041161080219997	64.5	59	0.029742850373297977	387.0	0	0.0	387.0	0	0.0
CassandraWriteRequest	500	65	131000.0	1000	0.5041161080219997	131000.0	1000	0.5041161080219997	65.5	98	0.04940337858615596	393.0	0	0.0	393.0	0	0.0
CassandraWriteRequest	500	66	133000.0	1000	0.5041161080219997	133000.0	1000	0.5041161080219997	66.5	100	0.05041161080219996	399.0	0	0.0	399.0	0	0.0
CassandraWriteRequest	500	67	135000.0	1000	0.5041161080219997	135000.0	1000	0.5041161080219997	67.5	76	0.03831282420967197	405.0	0	0.0	405.0	0	0.0
CassandraWriteRequest	500	68	137000.0	965	0.48647204424122964	137000.0	901	0.4542086133278217	68.5	96	0.04839514637011197	411.0	0	0.0	411.0	0	0.0
CassandraWriteRequest	500	69	139000.0	936	0.4718526771085917	139000.0	1000	0.5041161080219997	69.5	79	0.03982517253373797	417.0	0	0.0	417.0	0	0.0
CassandraWriteRequest	500	70	141000.0	1000	0.5041161080219997	141000.0	1000	0.5041161080219997	70.5	54	0.02722226983318798	423.0	0	0.0	423.0	0	0.0
CassandraWriteRequest	500	71	143000.0	1000	0.5041161080219997	143000.0	1000	0.5041161080219997	71.5	63	0.03175931480538598	429.0	0	0.0	429.0	0	0.0
CassandraWriteRequest	500	72	145000.0	1000	0.5041161080219997	145000.0	1000	0.5041161080219997	72.5	48	0.024197573185055984	435.0	0	0.0	435.0	0	0.0
CassandraWriteRequest	500	73	147000.0	994	0.5010914113738676	147000.0	991	0.49957906304980165	73.5	55	0.02772638594120998	441.0	0	0.0	441.0	0	0.0
CassandraWriteRequest	500	74	149000.0	997	0.5026037596979337	149000.0	999	0.5036119919139777	74.5	86	0.04335398528989197	447.0	0	0.0	447.0	0	0.0
CassandraWriteRequest	500	75	151000.0	999	0.5036119919139777	151000.0	1000	0.5041161080219997	75.5	68	0.03427989534549598	453.0	0	0.0	453.0	0	0.0
CassandraWriteRequest	500	76	153000.0	998	0.5031078758059556	153000.0	998	0.5031078758059556	76.5	65	0.03276754702142998	459.0	0	0.0	459.0	0	0.0
CassandraWriteRequest	500	77	155000.0	1000	0.5041161080219997	155000.0	1000	0.5041161080219997	77.5	66	0.03327166312945198	465.0	0	0.0	465.0	0	0.0
CassandraWriteRequest	500	78	157000.0	999	0.5036119919139777	157000.0	999	0.5036119919139777	78.5	63	0.03175931480538598	471.0	0	0.0	471.0	0	0.0
CassandraWriteRequest	500	79	159000.0	991	0.49957906304980165	159000.0	968	0.48798439256529563	79.5	48	0.024197573185055984	477.0	0	0.0	477.0	0	0.0
CassandraWriteRequest	500	80	161000.0	977	0.49252143753749367	161000.0	1000	0.5041161080219997	80.5	90	0.04537044972197997	483.0	0	0.0	483.0	0	0.0
CassandraWriteRequest	500	81	163000.0	1000	0.5041161080219997	163000.0	1000	0.5041161080219997	81.5	69	0.03478401145351798	489.0	0	0.0	489.0	0	0.0
CassandraWriteRequest	500	82	165000.0	1000	0.5041161080219997	165000.0	1000	0.5041161080219997	82.5	71	0.03579224366956198	495.0	0	0.0	495.0	0	0.0
CassandraWriteRequest	500	83	167000.0	952	0.47991853483694363	167000.0	888	0.4476551039235357	83.5	63	0.03175931480538598	501.0	0	0.0	501.0	0	0.0
CassandraWriteRequest	500	84	169000.0	935	0.47134856100056965	169000.0	999	0.5036119919139777	84.5	50	0.02520580540109998	507.0	0	0.0	507.0	0	0.0
CassandraWriteRequest	500	85	171000.0	1000	0.5041161080219997	171000.0	1000	0.5041161080219997	85.5	57	0.02873461815725398	513.0	0	0.0	513.0	0	0.0
CassandraWriteRequest	500	86	173000.0	1000	0.5041161080219997	173000.0	1000	0.5041161080219997	86.5	42	0.021172876536923985	519.0	0	0.0	519.0	0	0.0
CassandraWriteRequest	500	87	175000.0	1000	0.5041161080219997	175000.0	1000	0.5041161080219997	87.5	69	0.03478401145351798	525.0	0	0.0	525.0	0	0.0
CassandraWriteRequest	500	88	177000.0	1000	0.5041161080219997	177000.0	1000	0.5041161080219997	88.5	66	0.03327166312945198	531.0	0	0.0	531.0	0	0.0
CassandraWriteRequest	500	89	179000.0	1000	0.5041161080219997	179000.0	1000	0.5041161080219997	89.5	66	0.03327166312945198	537.0	0	0.0	537.0	0	0.0
CassandraWriteRequest	500	90	181000.0	1000	0.5041161080219997	181000.0	1000	0.5041161080219997	90.5	49	0.02470168929307798	543.0	0	0.0	543.0	0	0.0
CassandraWriteRequest	500	91	183000.0	1000	0.5041161080219997	183000.0	1000	0.5041161080219997	91.5	68	0.03427989534549598	549.0	0	0.0	549.0	0	0.0
CassandraWriteRequest	500	92	185000.0	1000	0.5041161080219997	185000.0	1000	0.5041161080219997	92.5	49	0.02470168929307798	555.0	0	0.0	555.0	0	0.0
CassandraWriteRequest	500	93	187000.0	1000	0.5041161080219997	187000.0	970	0.48899262478133965	93.5	52	0.02621403761714398	561.0	0	0.0	561.0	0	0.0
CassandraWriteRequest	500	94	189000.0	923	0.4652991677043057	189000.0	952	0.47991853483694363	94.5	72	0.03629635977758398	567.0	0	0.0	567.0	0	0.0
CassandraWriteRequest	500	95	191000.0	999	0.5036119919139777	191000.0	1000	0.5041161080219997	95.5	35	0.01764406378076999	573.0	0	0.0	573.0	0	0.0
CassandraWriteRequest	500	96	193000.0	1000	0.5041161080219997	193000.0	1000	0.5041161080219997	96.5	57	0.02873461815725398	579.0	0	0.0	579.0	0	0.0
CassandraWriteRequest	500	97	195000.0	1000	0.5041161080219997	195000.0	1000	0.5041161080219997	97.5	53	0.02671815372516598	585.0	0	0.0	585.0	0	0.0
CassandraWriteRequest	500	98	197000.0	992	0.5000831791578236	197000.0	980	0.49403378586155966	98.5	91	0.04587456583000197	591.0	0	0.0	591.0	0	0.0
CassandraWriteRequest	500	99	199000.0	979	0.4935296697535376	199000.0	986	0.49705848250969165	99.5	95	0.04789103026208997	597.0	0	0.0	597.0	0	0.0
CassandraWriteRequest	500	100	201000.0	992	0.5000831791578236	201000.0	986	0.49705848250969165	100.5	113	0.05696512020648596	603.0	0	0.0	603.0	0	0.0
CassandraWriteRequest	500	101	203000.0	983	0.49554613418562565	203000.0	994	0.5010914113738676	101.5	66	0.03327166312945198	609.0	0	0.0	609.0	0	0.0
CassandraWriteRequest	500	102	205000.0	993	0.5005872952658457	205000.0	993	0.5005872952658457	102.5	62	0.03125519869736398	615.0	0	0.0	615.0	0	0.0
CassandraWriteRequest	500	103	207000.0	989	0.49857083083375764	207000.0	934	0.4708444448925477	103.5	24	0.012098786592527992	621.0	0	0.0	621.0	0	0.0
CassandraWriteRequest	500	104	209000.0	945	0.47638972208078967	209000.0	1000	0.5041161080219997	104.5	21	0.010586438268461992	627.0	0	0.0	627.0	0	0.0
CassandraWriteRequest	500	105	211000.0	958	0.4829432314850757	211000.0	958	0.4829432314850757	105.5	26	0.01310701880857199	633.0	0	0.0	633.0	0	0.0
CassandraWriteRequest	500	106	213000.0	997	0.5026037596979337	213000.0	996	0.5020996435899117	106.5	30	0.015123483240659989	639.0	0	0.0	639.0	0	0.0
CassandraWriteRequest	500	107	215000.0	999	0.5036119919139777	215000.0	1000	0.5041161080219997	107.5	8	0.004032928864175997	645.0	0	0.0	645.0	0	0.0
CassandraWriteRequest	500	108	217000.0	1000	0.5041161080219997	217000.0	1000	0.5041161080219997	108.5	13	0.006553509404285995	651.0	0	0.0	651.0	0	0.0
CassandraWriteRequest	500	109	219000.0	1000	0.5041161080219997	219000.0	1000	0.5041161080219997	109.5	13	0.006553509404285995	657.0	0	0.0	657.0	0	0.0
CassandraWriteRequest	500	110	221000.0	1000	0.5041161080219997	221000.0	1000	0.5041161080219997	110.5	8	0.004032928864175997	663.0	0	0.0	663.0	0	0.0
CassandraWriteRequest	500	111	223000.0	1000	0.5041161080219997	223000.0	998	0.5031078758059556	111.5	10	0.005041161080219996	669.0	0	0.0	669.0	0	0.0
CassandraWriteRequest	500	112	225000.0	998	0.5031078758059556	225000.0	1000	0.5041161080219997	112.5	12	0.006049393296263996	675.0	0	0.0	675.0	0	0.0
CassandraWriteRequest	500	113	227000.0	1000	0.5041161080219997	227000.0	1000	0.5041161080219997	113.5	21	0.010586438268461992	681.0	0	0.0	681.0	0	0.0
CassandraWriteRequest	500	114	229000.0	1000	0.5041161080219997	229000.0	1000	0.5041161080219997	114.5	10	0.005041161080219996	687.0	0	0.0	687.0	0	0.0
CassandraWriteRequest	500	115	231000.0	1000	0.5041161080219997	231000.0	1000	0.5041161080219997	115.5	4	0.0020164644320879986	693.0	0	0.0	693.0	0	0.0
CassandraWriteRequest	500	116	233000.0	1000	0.5041161080219997	233000.0	1000	0.5041161080219997	116.5	5	0.002520580540109998	699.0	0	0.0	699.0	0	0.0
CassandraWriteRequest	500	117	235000.0	1000	0.5041161080219997	235000.0	1000	0.5041161080219997	117.5	0	0.0	705.0	0	0.0	705.0	0	0.0
CassandraWriteRequest	500	118	237000.0	1000	0.5041161080219997	237000.0	1000	0.5041161080219997	118.5	8	0.004032928864175997	711.0	0	0.0	711.0	0	0.0
CassandraWriteRequest	500	119	239000.0	1000	0.5041161080219997	239000.0	1000	0.5041161080219997	119.5	2	0.0010082322160439993	717.0	0	0.0	717.0	0	0.0
CassandraWriteRequest	500	120	241000.0	1000	0.5041161080219997	241000.0	1000	0.5041161080219997	120.5	3	0.001512348324065999	723.0	0	0.0	723.0	0	0.0
CassandraWriteRequest	500	121	243000.0	1000	0.5041161080219997	243000.0	1000	0.5041161080219997	121.5	5	0.002520580540109998	729.0	0	0.0	729.0	0	0.0
CassandraWriteRequest	500	122	245000.0	1000	0.5041161080219997	245000.0	1000	0.5041161080219997	122.5	14	0.007057625512307995	735.0	0	0.0	735.0	0	0.0
CassandraWriteRequest	500	123	247000.0	1000	0.5041161080219997	247000.0	1000	0.5041161080219997	123.5	7	0.0035288127561539976	741.0	0	0.0	741.0	0	0.0
CassandraWriteRequest	500	124	249000.0	1000	0.5041161080219997	249000.0	1000	0.5041161080219997	124.5	2	0.0010082322160439993	747.0	0	0.0	747.0	0	0.0
CassandraWriteRequest	500	125	251000.0	1000	0.5041161080219997	251000.0	1000	0.5041161080219997	125.5	3	0.001512348324065999	753.0	0	0.0	753.0	0	0.0
CassandraWriteRequest	500	126	253000.0	1000	0.5041161080219997	253000.0	1000	0.5041161080219997	126.5	3	0.001512348324065999	759.0	0	0.0	759.0	0	0.0
CassandraWriteRequest	500	127	255000.0	1000	0.5041161080219997	255000.0	1000	0.5041161080219997	127.5	0	0.0	765.0	0	0.0	765.0	0	0.0
CassandraWriteRequest	500	128	257000.0	1000	0.5041161080219997	257000.0	1000	0.5041161080219997	128.5	1	5.041161080219996E-4	771.0	0	0.0	771.0	0	0.0
CassandraWriteRequest	500	129	259000.0	1000	0.5041161080219997	259000.0	1000	0.5041161080219997	129.5	1	5.041161080219996E-4	777.0	0	0.0	777.0	0	0.0
CassandraWriteRequest	500	130	261000.0	950	0.4789103026208997	261000.0	950	0.4789103026208997	130.5	0	0.0	783.0	0	0.0	783.0	0	0.0
CassandraWriteRequest	500	131	263000.0	980	0.49403378586155966	263000.0	972	0.49000085699738366	131.5	2	0.0010082322160439993	789.0	0	0.0	789.0	0	0.0
CassandraWriteRequest	500	132	265000.0	977	0.49252143753749367	265000.0	985	0.49655436640166967	132.5	0	0.0	795.0	0	0.0	795.0	0	0.0
CassandraWriteRequest	500	133	267000.0	998	0.5031078758059556	267000.0	998	0.5031078758059556	133.5	1	5.041161080219996E-4	801.0	0	0.0	801.0	0	0.0
CassandraWriteRequest	500	134	269000.0	1000	0.5041161080219997	269000.0	1000	0.5041161080219997	134.5	1	5.041161080219996E-4	807.0	0	0.0	807.0	0	0.0
CassandraWriteRequest	500	135	271000.0	1000	0.5041161080219997	271000.0	1000	0.5041161080219997	135.5	1	5.041161080219996E-4	813.0	0	0.0	813.0	0	0.0
CassandraWriteRequest	500	136	273000.0	1000	0.5041161080219997	273000.0	1000	0.5041161080219997	136.5	1	5.041161080219996E-4	819.0	0	0.0	819.0	0	0.0
CassandraWriteRequest	500	137	275000.0	1000	0.5041161080219997	275000.0	1000	0.5041161080219997	137.5	1	5.041161080219996E-4	825.0	0	0.0	825.0	0	0.0
CassandraWriteRequest	500	138	277000.0	1000	0.5041161080219997	277000.0	1000	0.5041161080219997	138.5	2	0.0010082322160439993	831.0	0	0.0	831.0	0	0.0
CassandraWriteRequest	500	139	279000.0	1000	0.5041161080219997	279000.0	1000	0.5041161080219997	139.5	0	0.0	837.0	0	0.0	837.0	0	0.0
CassandraWriteRequest	500	140	281000.0	1000	0.5041161080219997	281000.0	1000	0.5041161080219997	140.5	0	0.0	843.0	0	0.0	843.0	0	0.0
CassandraWriteRequest	500	141	283000.0	1000	0.5041161080219997	283000.0	1000	0.5041161080219997	141.5	1	5.041161080219996E-4	849.0	0	0.0	849.0	0	0.0
CassandraWriteRequest	500	142	285000.0	1000	0.5041161080219997	285000.0	1000	0.5041161080219997	142.5	0	0.0	855.0	0	0.0	855.0	0	0.0
CassandraWriteRequest	500	143	287000.0	1000	0.5041161080219997	287000.0	1000	0.5041161080219997	143.5	0	0.0	861.0	0	0.0	861.0	0	0.0
CassandraWriteRequest	500	144	289000.0	1000	0.5041161080219997	289000.0	1000	0.5041161080219997	144.5	1	5.041161080219996E-4	867.0	0	0.0	867.0	0	0.0
CassandraWriteRequest	500	145	291000.0	992	0.5000831791578236	291000.0	986	0.49705848250969165	145.5	0	0.0	873.0	0	0.0	873.0	0	0.0
CassandraWriteRequest	500	146	293000.0	990	0.4990749469417796	293000.0	996	0.5020996435899117	146.5	1	5.041161080219996E-4	879.0	0	0.0	879.0	0	0.0
CassandraWriteRequest	500	147	295000.0	995	0.5015955274818896	295000.0	995	0.5015955274818896	147.5	2	0.0010082322160439993	885.0	0	0.0	885.0	0	0.0
CassandraWriteRequest	500	148	297000.0	979	0.4935296697535376	297000.0	979	0.4935296697535376	148.5	0	0.0	891.0	0	0.0	891.0	0	0.0
CassandraWriteRequest	500	149	299000.0	991	0.49957906304980165	299000.0	984	0.49605025029364763	149.5	1	5.041161080219996E-4	897.0	0	0.0	897.0	0	0.0
CassandraWriteRequest	500	150	301000.0	986	0.49705848250969165	301000.0	993	0.5005872952658457	150.5	0	0.0	903.0	0	0.0	903.0	0	0.0
CassandraWriteRequest	500	151	303000.0	1000	0.5041161080219997	303000.0	1000	0.5041161080219997	151.5	0	0.0	909.0	0	0.0	909.0	0	0.0
CassandraWriteRequest	500	152	305000.0	1000	0.5041161080219997	305000.0	980	0.49403378586155966	152.5	0	0.0	915.0	0	0.0	915.0	0	0.0
CassandraWriteRequest	500	153	307000.0	954	0.48092676705298765	307000.0	951	0.47941441872892165	153.5	0	0.0	921.0	0	0.0	921.0	0	0.0
CassandraWriteRequest	500	154	309000.0	951	0.47941441872892165	309000.0	974	0.4910090892134277	154.5	0	0.0	927.0	0	0.0	927.0	0	0.0
CassandraWriteRequest	500	155	311000.0	1000	0.5041161080219997	311000.0	1000	0.5041161080219997	155.5	0	0.0	933.0	0	0.0	933.0	0	0.0
CassandraWriteRequest	500	156	313000.0	1000	0.5041161080219997	313000.0	1000	0.5041161080219997	156.5	1	5.041161080219996E-4	939.0	0	0.0	939.0	0	0.0
CassandraWriteRequest	500	157	315000.0	1000	0.5041161080219997	315000.0	1000	0.5041161080219997	157.5	1	5.041161080219996E-4	945.0	0	0.0	945.0	0	0.0
CassandraWriteRequest	500	158	317000.0	995	0.5015955274818896	317000.0	992	0.5000831791578236	158.5	1	5.041161080219996E-4	951.0	0	0.0	951.0	0	0.0
CassandraWriteRequest	500	159	319000.0	997	0.5026037596979337	319000.0	1000	0.5041161080219997	159.5	0	0.0	957.0	0	0.0	957.0	0	0.0
CassandraWriteRequest	500	160	321000.0	1000	0.5041161080219997	321000.0	1000	0.5041161080219997	160.5	0	0.0	963.0	0	0.0	963.0	0	0.0
CassandraWriteRequest	500	161	323000.0	1000	0.5041161080219997	323000.0	1000	0.5041161080219997	161.5	0	0.0	969.0	0	0.0	969.0	0	0.0
CassandraWriteRequest	500	162	325000.0	1000	0.5041161080219997	325000.0	1000	0.5041161080219997	162.5	0	0.0	975.0	0	0.0	975.0	0	0.0
CassandraWriteRequest	500	163	327000.0	1000	0.5041161080219997	327000.0	1000	0.5041161080219997	163.5	0	0.0	981.0	0	0.0	981.0	0	0.0
CassandraWriteRequest	500	164	329000.0	1000	0.5041161080219997	329000.0	1000	0.5041161080219997	164.5	0	0.0	987.0	0	0.0	987.0	0	0.0
CassandraWriteRequest	500	165	331000.0	1000	0.5041161080219997	331000.0	992	0.5000831791578236	165.5	0	0.0	993.0	0	0.0	993.0	0	0.0
CassandraWriteRequest	500	166	333000.0	985	0.49655436640166967	333000.0	992	0.5000831791578236	166.5	0	0.0	999.0	0	0.0	999.0	0	0.0
CassandraWriteRequest	500	167	335000.0	992	0.5000831791578236	335000.0	990	0.4990749469417796	167.5	0	0.0	1005.0	0	0.0	1005.0	0	0.0
CassandraWriteRequest	500	168	337000.0	997	0.5026037596979337	337000.0	1000	0.5041161080219997	168.5	0	0.0	1011.0	0	0.0	1011.0	0	0.0
CassandraWriteRequest	500	169	339000.0	1000	0.5041161080219997	339000.0	1000	0.5041161080219997	169.5	0	0.0	1017.0	0	0.0	1017.0	0	0.0
CassandraWriteRequest	500	170	341000.0	1000	0.5041161080219997	341000.0	1000	0.5041161080219997	170.5	0	0.0	1023.0	0	0.0	1023.0	0	0.0
CassandraWriteRequest	500	171	343000.0	1000	0.5041161080219997	343000.0	1000	0.5041161080219997	171.5	0	0.0	1029.0	0	0.0	1029.0	0	0.0
CassandraWriteRequest	500	172	345000.0	1000	0.5041161080219997	345000.0	1000	0.5041161080219997	172.5	0	0.0	1035.0	0	0.0	1035.0	0	0.0
CassandraWriteRequest	500	173	347000.0	1000	0.5041161080219997	347000.0	1000	0.5041161080219997	173.5	0	0.0	1041.0	0	0.0	1041.0	0	0.0
CassandraWriteRequest	500	174	349000.0	1000	0.5041161080219997	349000.0	1000	0.5041161080219997	174.5	0	0.0	1047.0	0	0.0	1047.0	0	0.0
CassandraWriteRequest	500	175	351000.0	1000	0.5041161080219997	351000.0	1000	0.5041161080219997	175.5	0	0.0	1053.0	0	0.0	1053.0	0	0.0
CassandraWriteRequest	500	176	353000.0	1000	0.5041161080219997	353000.0	1000	0.5041161080219997	176.5	0	0.0	1059.0	0	0.0	1059.0	0	0.0
CassandraWriteRequest	500	177	355000.0	1000	0.5041161080219997	355000.0	1000	0.5041161080219997	177.5	0	0.0	1065.0	0	0.0	1065.0	0	0.0
CassandraWriteRequest	500	178	357000.0	980	0.49403378586155966	357000.0	920	0.4637868193802397	178.5	0	0.0	1071.0	0	0.0	1071.0	0	0.0
CassandraWriteRequest	500	179	359000.0	920	0.4637868193802397	359000.0	977	0.49252143753749367	179.5	0	0.0	1077.0	0	0.0	1077.0	0	0.0
CassandraWriteRequest	500	180	361000.0	997	0.5026037596979337	361000.0	1000	0.5041161080219997	180.5	0	0.0	1083.0	0	0.0	1083.0	0	0.0
CassandraWriteRequest	500	181	363000.0	1000	0.5041161080219997	363000.0	1000	0.5041161080219997	181.5	0	0.0	1089.0	0	0.0	1089.0	0	0.0
CassandraWriteRequest	500	182	365000.0	993	0.5005872952658457	365000.0	990	0.4990749469417796	182.5	0	0.0	1095.0	0	0.0	1095.0	0	0.0
CassandraWriteRequest	500	183	367000.0	987	0.4975625986177136	367000.0	990	0.4990749469417796	183.5	0	0.0	1101.0	0	0.0	1101.0	0	0.0
CassandraWriteRequest	500	184	369000.0	870	0.4385810139791397	369000.0	868	0.43757278176309566	184.5	0	0.0	1107.0	0	0.0	1107.0	0	0.0
CassandraWriteRequest	500	185	371000.0	998	0.5031078758059556	371000.0	1000	0.5041161080219997	185.5	0	0.0	1113.0	0	0.0	1113.0	0	0.0
CassandraWriteRequest	500	186	373000.0	1000	0.5041161080219997	373000.0	1000	0.5041161080219997	186.5	0	0.0	1119.0	0	0.0	1119.0	0	0.0
CassandraWriteRequest	500	187	375000.0	1000	0.5041161080219997	375000.0	1000	0.5041161080219997	187.5	0	0.0	1125.0	0	0.0	1125.0	0	0.0
CassandraWriteRequest	500	188	377000.0	1000	0.5041161080219997	377000.0	1000	0.5041161080219997	188.5	0	0.0	1131.0	0	0.0	1131.0	0	0.0
CassandraWriteRequest	500	189	379000.0	1000	0.5041161080219997	379000.0	1000	0.5041161080219997	189.5	0	0.0	1137.0	0	0.0	1137.0	0	0.0
CassandraWriteRequest	500	190	381000.0	1000	0.5041161080219997	381000.0	1000	0.5041161080219997	190.5	0	0.0	1143.0	0	0.0	1143.0	0	0.0
CassandraWriteRequest	500	191	383000.0	1000	0.5041161080219997	383000.0	1000	0.5041161080219997	191.5	0	0.0	1149.0	0	0.0	1149.0	0	0.0
CassandraWriteRequest	500	192	385000.0	1000	0.5041161080219997	385000.0	1000	0.5041161080219997	192.5	0	0.0	1155.0	0	0.0	1155.0	0	0.0
CassandraWriteRequest	500	193	387000.0	1000	0.5041161080219997	387000.0	1000	0.5041161080219997	193.5	0	0.0	1161.0	0	0.0	1161.0	0	0.0
CassandraWriteRequest	500	194	389000.0	1000	0.5041161080219997	389000.0	1000	0.5041161080219997	194.5	0	0.0	1167.0	0	0.0	1167.0	0	0.0
CassandraWriteRequest	500	195	391000.0	1000	0.5041161080219997	391000.0	1000	0.5041161080219997	195.5	0	0.0	1173.0	0	0.0	1173.0	0	0.0
CassandraWriteRequest	500	196	393000.0	1000	0.5041161080219997	393000.0	1000	0.5041161080219997	196.5	0	0.0	1179.0	0	0.0	1179.0	0	0.0
CassandraWriteRequest	500	197	395000.0	1000	0.5041161080219997	395000.0	1000	0.5041161080219997	197.5	0	0.0	1185.0	0	0.0	1185.0	0	0.0
CassandraWriteRequest	500	198	397000.0	999	0.5036119919139777	397000.0	999	0.5036119919139777	198.5	0	0.0	1191.0	0	0.0	1191.0	0	0.0
CassandraWriteRequest	500	199	399000.0	1000	0.5041161080219997	399000.0	1000	0.5041161080219997	199.5	0	0.0	1197.0	0	0.0	1197.0	0	0.0
