'Request type'	'Load'	'Bucket'	'Start time'	'Absolute'	'Percent of requests'	'End time'	'Absolute'	'Percent of requests'	'Residence time'	'Absolute'	'Percent of requests'	'Theor. think time'	'Absolute'	'Percent of requests'	'Actual think time'	'Absolute'	'Percent of requests'
CassandraWriteRequest	1000	0	1000.0	1995	0.5057598312612813	1000.0	1994	0.505506317561401	1.0	190529	48.301711724501594	4.0	394456	100.0	4.0	394456	100.0
CassandraWriteRequest	1000	1	3000.0	1896	0.48066197497312757	3000.0	1833	0.464690611880666	3.0	78043	19.784969679761495	12.0	0	0.0	12.0	0	0.0
CassandraWriteRequest	1000	2	5000.0	1897	0.4809154886730079	5000.0	1951	0.4946052284665463	5.0	34593	8.769799419960654	20.0	0	0.0	20.0	0	0.0
CassandraWriteRequest	1000	3	7000.0	1980	0.5019571257630763	7000.0	1987	0.5037317216622387	7.0	20277	5.140497292473685	28.0	0	0.0	28.0	0	0.0
CassandraWriteRequest	1000	4	9000.0	1995	0.5057598312612813	9000.0	1997	0.506266858661042	9.0	12733	3.2279899405763888	36.0	0	0.0	36.0	0	0.0
CassandraWriteRequest	1000	5	11000.0	1995	0.5057598312612813	11000.0	1989	0.5042387490619993	11.0	9332	2.365789847283347	44.0	0	0.0	44.0	0	0.0
CassandraWriteRequest	1000	6	13000.0	1993	0.5052528038615207	13000.0	2000	0.5070273997606831	13.0	7268	1.8425375707303222	52.0	0	0.0	52.0	0	0.0
CassandraWriteRequest	1000	7	15000.0	2000	0.5070273997606831	15000.0	2000	0.5070273997606831	15.0	5665	1.4361551098221348	60.0	0	0.0	60.0	0	0.0
CassandraWriteRequest	1000	8	17000.0	2000	0.5070273997606831	17000.0	2000	0.5070273997606831	17.0	4356	1.1043056766787678	68.0	0	0.0	68.0	0	0.0
CassandraWriteRequest	1000	9	19000.0	1991	0.50474577646176	19000.0	1986	0.5034782079623583	19.0	3246	0.8229054698115886	76.0	0	0.0	76.0	0	0.0
CassandraWriteRequest	1000	10	21000.0	1989	0.5042387490619993	21000.0	1993	0.5052528038615207	21.0	2401	0.6086863934127	84.0	0	0.0	84.0	0	0.0
CassandraWriteRequest	1000	11	23000.0	1998	0.5065203723609224	23000.0	1999	0.5067738860608028	23.0	2022	0.5126047011580506	92.0	0	0.0	92.0	0	0.0
CassandraWriteRequest	1000	12	25000.0	1999	0.5067738860608028	25000.0	1999	0.5067738860608028	25.0	1594	0.4041008376092644	100.0	0	0.0	100.0	0	0.0
CassandraWriteRequest	1000	13	27000.0	2000	0.5070273997606831	27000.0	2000	0.5070273997606831	27.0	1353	0.3430040359381021	108.0	0	0.0	108.0	0	0.0
CassandraWriteRequest	1000	14	29000.0	2000	0.5070273997606831	29000.0	2000	0.5070273997606831	29.0	1162	0.29458291926095687	116.0	0	0.0	116.0	0	0.0
CassandraWriteRequest	1000	15	31000.0	1998	0.5065203723609224	31000.0	1982	0.5024641531628369	31.0	996	0.2524996450808202	124.0	0	0.0	124.0	0	0.0
CassandraWriteRequest	1000	16	33000.0	1976	0.5009430709635548	33000.0	1978	0.5014500983633156	33.0	772	0.19571257630762368	132.0	0	0.0	132.0	0	0.0
CassandraWriteRequest	1000	17	35000.0	1979	0.5017036120631959	35000.0	1987	0.5037317216622387	35.0	756	0.1916563571095382	140.0	0	0.0	140.0	0	0.0
CassandraWriteRequest	1000	18	37000.0	1943	0.4925771188675036	37000.0	1949	0.49409820106678565	37.0	733	0.18582554201229035	148.0	0	0.0	148.0	0	0.0
CassandraWriteRequest	1000	19	39000.0	1985	0.503224694262478	39000.0	1984	0.5029711805625976	39.0	848	0.21497961749852962	156.0	0	0.0	156.0	0	0.0
CassandraWriteRequest	1000	20	41000.0	1996	0.5060133449611617	41000.0	1993	0.5052528038615207	41.0	716	0.18151580911432452	164.0	0	0.0	164.0	0	0.0
CassandraWriteRequest	1000	21	43000.0	1926	0.4882673859695378	43000.0	1866	0.4730565639767173	43.0	666	0.16884012412030747	172.0	0	0.0	172.0	0	0.0
CassandraWriteRequest	1000	22	45000.0	1881	0.4768592694749224	45000.0	1940	0.4918165777678626	45.0	854	0.21650069969781166	180.0	0	0.0	180.0	0	0.0
CassandraWriteRequest	1000	23	47000.0	1991	0.50474577646176	47000.0	1996	0.5060133449611617	47.0	850	0.2154866448982903	188.0	0	0.0	188.0	0	0.0
CassandraWriteRequest	1000	24	49000.0	2000	0.5070273997606831	49000.0	2000	0.5070273997606831	49.0	592	0.1500801103291622	196.0	0	0.0	196.0	0	0.0
CassandraWriteRequest	1000	25	51000.0	1999	0.5067738860608028	51000.0	1999	0.5067738860608028	51.0	620	0.15717849392581174	204.0	0	0.0	204.0	0	0.0
CassandraWriteRequest	1000	26	53000.0	1921	0.4869998174701361	53000.0	1857	0.47077494067779424	53.0	464	0.11763035674447847	212.0	0	0.0	212.0	0	0.0
CassandraWriteRequest	1000	27	55000.0	1903	0.4824365708722899	55000.0	1963	0.49764739286511045	55.0	595	0.1508406514288032	220.0	0	0.0	220.0	0	0.0
CassandraWriteRequest	1000	28	57000.0	1983	0.5027176668627172	57000.0	1974	0.5004360435637942	57.0	640	0.16224876792341858	228.0	0	0.0	228.0	0	0.0
CassandraWriteRequest	1000	29	59000.0	1986	0.5034782079623583	59000.0	1998	0.5065203723609224	59.0	480	0.12168657594256393	236.0	0	0.0	236.0	0	0.0
CassandraWriteRequest	1000	30	61000.0	1985	0.503224694262478	61000.0	1986	0.5034782079623583	61.0	478	0.12117954854280324	244.0	0	0.0	244.0	0	0.0
CassandraWriteRequest	1000	31	63000.0	2000	0.5070273997606831	63000.0	2000	0.5070273997606831	63.0	447	0.11332062384651266	252.0	0	0.0	252.0	0	0.0
CassandraWriteRequest	1000	32	65000.0	2000	0.5070273997606831	65000.0	2000	0.5070273997606831	65.0	277	0.07022329486685461	260.0	0	0.0	260.0	0	0.0
CassandraWriteRequest	1000	33	67000.0	2000	0.5070273997606831	67000.0	2000	0.5070273997606831	67.0	307	0.07782870586326485	268.0	0	0.0	268.0	0	0.0
CassandraWriteRequest	1000	34	69000.0	2000	0.5070273997606831	69000.0	2000	0.5070273997606831	69.0	264	0.06692761676841016	276.0	0	0.0	276.0	0	0.0
CassandraWriteRequest	1000	35	71000.0	2000	0.5070273997606831	71000.0	1999	0.5067738860608028	71.0	219	0.05551950027379479	284.0	0	0.0	284.0	0	0.0
CassandraWriteRequest	1000	36	73000.0	1961	0.49714036546534973	73000.0	1948	0.4938446873669053	73.0	250	0.06337842497008539	292.0	0	0.0	292.0	0	0.0
CassandraWriteRequest	1000	37	75000.0	1986	0.5034782079623583	75000.0	1995	0.5057598312612813	75.0	194	0.04918165777678626	300.0	0	0.0	300.0	0	0.0
CassandraWriteRequest	1000	38	77000.0	1995	0.5057598312612813	77000.0	2000	0.5070273997606831	77.0	282	0.07149086336625632	308.0	0	0.0	308.0	0	0.0
CassandraWriteRequest	1000	39	79000.0	2000	0.5070273997606831	79000.0	1997	0.506266858661042	79.0	266	0.06743464416817085	316.0	0	0.0	316.0	0	0.0
CassandraWriteRequest	1000	40	81000.0	1997	0.506266858661042	81000.0	1992	0.5049992901616404	81.0	222	0.05628004137343582	324.0	0	0.0	324.0	0	0.0
CassandraWriteRequest	1000	41	83000.0	1978	0.5014500983633156	83000.0	1985	0.503224694262478	83.0	186	0.047153548177743525	332.0	0	0.0	332.0	0	0.0
CassandraWriteRequest	1000	42	85000.0	1999	0.5067738860608028	85000.0	2000	0.5070273997606831	85.0	221	0.05602652767355548	340.0	0	0.0	340.0	0	0.0
CassandraWriteRequest	1000	43	87000.0	2000	0.5070273997606831	87000.0	2000	0.5070273997606831	87.0	174	0.044111383779179426	348.0	0	0.0	348.0	0	0.0
CassandraWriteRequest	1000	44	89000.0	2000	0.5070273997606831	89000.0	2000	0.5070273997606831	89.0	252	0.06388545236984607	356.0	0	0.0	356.0	0	0.0
CassandraWriteRequest	1000	45	91000.0	1876	0.4755917009755207	91000.0	1876	0.4755917009755207	91.0	372	0.09430709635548705	364.0	0	0.0	364.0	0	0.0
CassandraWriteRequest	1000	46	93000.0	2000	0.5070273997606831	93000.0	1973	0.5001825298639139	93.0	408	0.10343358955117934	372.0	0	0.0	372.0	0	0.0
CassandraWriteRequest	1000	47	95000.0	1972	0.4999290161640335	95000.0	1999	0.5067738860608028	95.0	439	0.11129251424746993	380.0	0	0.0	380.0	0	0.0
CassandraWriteRequest	1000	48	97000.0	2000	0.5070273997606831	97000.0	2000	0.5070273997606831	97.0	674	0.1708682337193502	388.0	0	0.0	388.0	0	0.0
CassandraWriteRequest	1000	49	99000.0	1941	0.4920700914677429	99000.0	1922	0.4872533311700164	99.0	662	0.1678260693207861	396.0	0	0.0	396.0	0	0.0
CassandraWriteRequest	1000	50	101000.0	1887	0.47838035167420445	101000.0	1890	0.4791408927738455	101.0	625	0.15844606242521345	404.0	0	0.0	404.0	0	0.0
CassandraWriteRequest	1000	51	103000.0	1936	0.4908025229683412	103000.0	1945	0.49308414626726427	103.0	498	0.1262498225404101	412.0	0	0.0	412.0	0	0.0
CassandraWriteRequest	1000	52	105000.0	1993	0.5052528038615207	105000.0	2000	0.5070273997606831	105.0	396	0.10039142515261525	420.0	0	0.0	420.0	0	0.0
CassandraWriteRequest	1000	53	107000.0	1974	0.5004360435637942	107000.0	1974	0.5004360435637942	107.0	226	0.057294096172957186	428.0	0	0.0	428.0	0	0.0
CassandraWriteRequest	1000	54	109000.0	2000	0.5070273997606831	109000.0	1999	0.5067738860608028	109.0	160	0.040562191980854645	436.0	0	0.0	436.0	0	0.0
CassandraWriteRequest	1000	55	111000.0	1997	0.506266858661042	111000.0	1995	0.5057598312612813	111.0	109	0.027632993286957227	444.0	0	0.0	444.0	0	0.0
CassandraWriteRequest	1000	56	113000.0	1984	0.5029711805625976	113000.0	1923	0.48750684486989676	113.0	103	0.026111911087675178	452.0	0	0.0	452.0	0	0.0
CassandraWriteRequest	1000	57	115000.0	1808	0.4583527693836575	115000.0	1808	0.4583527693836575	115.0	59	0.01495730829294015	460.0	0	0.0	460.0	0	0.0
CassandraWriteRequest	1000	58	117000.0	1672	0.42387490619993107	117000.0	1672	0.42387490619993107	117.0	76	0.019267041190905956	468.0	0	0.0	468.0	0	0.0
CassandraWriteRequest	1000	59	119000.0	1781	0.45150789948688824	119000.0	1781	0.45150789948688824	119.0	49	0.012422171294136735	476.0	0	0.0	476.0	0	0.0
CassandraWriteRequest	1000	60	121000.0	1936	0.4908025229683412	121000.0	2000	0.5070273997606831	121.0	15	0.003802705498205123	484.0	0	0.0	484.0	0	0.0
CassandraWriteRequest	1000	61	123000.0	2000	0.5070273997606831	123000.0	2000	0.5070273997606831	123.0	37	0.009380006895572637	492.0	0	0.0	492.0	0	0.0
CassandraWriteRequest	1000	62	125000.0	2000	0.5070273997606831	125000.0	2000	0.5070273997606831	125.0	44	0.011154602794735027	500.0	0	0.0	500.0	0	0.0
CassandraWriteRequest	1000	63	127000.0	2000	0.5070273997606831	127000.0	2000	0.5070273997606831	127.0	45	0.011408116494615369	508.0	0	0.0	508.0	0	0.0
CassandraWriteRequest	1000	64	129000.0	2000	0.5070273997606831	129000.0	2000	0.5070273997606831	129.0	39	0.00988703429533332	516.0	0	0.0	516.0	0	0.0
CassandraWriteRequest	1000	65	131000.0	2000	0.5070273997606831	131000.0	2000	0.5070273997606831	131.0	18	0.0045632465978461476	524.0	0	0.0	524.0	0	0.0
CassandraWriteRequest	1000	66	133000.0	1886	0.47812683797432415	133000.0	1822	0.4619019611819823	133.0	19	0.004816760297726489	532.0	0	0.0	532.0	0	0.0
CassandraWriteRequest	1000	67	135000.0	1872	0.47457764617599935	135000.0	1936	0.4908025229683412	135.0	9	0.0022816232989230738	540.0	0	0.0	540.0	0	0.0
CassandraWriteRequest	1000	68	137000.0	2000	0.5070273997606831	137000.0	2000	0.5070273997606831	137.0	3	7.605410996410246E-4	548.0	0	0.0	548.0	0	0.0
CassandraWriteRequest	1000	69	139000.0	2000	0.5070273997606831	139000.0	2000	0.5070273997606831	139.0	8	0.0020281095990427322	556.0	0	0.0	556.0	0	0.0
CassandraWriteRequest	1000	70	141000.0	2000	0.5070273997606831	141000.0	2000	0.5070273997606831	141.0	11	0.002788650698683757	564.0	0	0.0	564.0	0	0.0
CassandraWriteRequest	1000	71	143000.0	2000	0.5070273997606831	143000.0	2000	0.5070273997606831	143.0	6	0.0015210821992820492	572.0	0	0.0	572.0	0	0.0
CassandraWriteRequest	1000	72	145000.0	2000	0.5070273997606831	145000.0	1986	0.5034782079623583	145.0	5	0.0012675684994017077	580.0	0	0.0	580.0	0	0.0
CassandraWriteRequest	1000	73	147000.0	1976	0.5009430709635548	147000.0	1988	0.5039852353621189	147.0	5	0.0012675684994017077	588.0	0	0.0	588.0	0	0.0
CassandraWriteRequest	1000	74	149000.0	1989	0.5042387490619993	149000.0	1991	0.50474577646176	149.0	5	0.0012675684994017077	596.0	0	0.0	596.0	0	0.0
CassandraWriteRequest	1000	75	151000.0	1995	0.5057598312612813	151000.0	1995	0.5057598312612813	151.0	1	2.5351369988034153E-4	604.0	0	0.0	604.0	0	0.0
CassandraWriteRequest	1000	76	153000.0	2000	0.5070273997606831	153000.0	1966	0.49840793396475147	153.0	6	0.0015210821992820492	612.0	0	0.0	612.0	0	0.0
CassandraWriteRequest	1000	77	155000.0	1966	0.49840793396475147	155000.0	2000	0.5070273997606831	155.0	1	2.5351369988034153E-4	620.0	0	0.0	620.0	0	0.0
CassandraWriteRequest	1000	78	157000.0	2000	0.5070273997606831	157000.0	2000	0.5070273997606831	157.0	3	7.605410996410246E-4	628.0	0	0.0	628.0	0	0.0
CassandraWriteRequest	1000	79	159000.0	2000	0.5070273997606831	159000.0	2000	0.5070273997606831	159.0	2	5.070273997606831E-4	636.0	0	0.0	636.0	0	0.0
CassandraWriteRequest	1000	80	161000.0	2000	0.5070273997606831	161000.0	2000	0.5070273997606831	161.0	4	0.0010140547995213661	644.0	0	0.0	644.0	0	0.0
CassandraWriteRequest	1000	81	163000.0	2000	0.5070273997606831	163000.0	1957	0.49612631066582835	163.0	9	0.0022816232989230738	652.0	0	0.0	652.0	0	0.0
CassandraWriteRequest	1000	82	165000.0	1923	0.48750684486989676	165000.0	1902	0.4821830571724096	165.0	1	2.5351369988034153E-4	660.0	0	0.0	660.0	0	0.0
CassandraWriteRequest	1000	83	167000.0	1845	0.4677327762792301	167000.0	1888	0.4786338653740848	167.0	14	0.0035491917983247814	668.0	0	0.0	668.0	0	0.0
CassandraWriteRequest	1000	84	169000.0	1971	0.49967550246415315	169000.0	1978	0.5014500983633156	169.0	10	0.0025351369988034153	676.0	0	0.0	676.0	0	0.0
CassandraWriteRequest	1000	85	171000.0	1986	0.5034782079623583	171000.0	2000	0.5070273997606831	171.0	9	0.0022816232989230738	684.0	0	0.0	684.0	0	0.0
CassandraWriteRequest	1000	86	173000.0	1989	0.5042387490619993	173000.0	1988	0.5039852353621189	173.0	0	0.0	692.0	0	0.0	692.0	0	0.0
CassandraWriteRequest	1000	87	175000.0	1997	0.506266858661042	175000.0	1998	0.5065203723609224	175.0	0	0.0	700.0	0	0.0	700.0	0	0.0
CassandraWriteRequest	1000	88	177000.0	1998	0.5065203723609224	177000.0	1989	0.5042387490619993	177.0	0	0.0	708.0	0	0.0	708.0	0	0.0
CassandraWriteRequest	1000	89	179000.0	1987	0.5037317216622387	179000.0	1996	0.5060133449611617	179.0	0	0.0	716.0	0	0.0	716.0	0	0.0
CassandraWriteRequest	1000	90	181000.0	1998	0.5065203723609224	181000.0	1998	0.5065203723609224	181.0	0	0.0	724.0	0	0.0	724.0	0	0.0
CassandraWriteRequest	1000	91	183000.0	1997	0.506266858661042	183000.0	1997	0.506266858661042	183.0	0	0.0	732.0	0	0.0	732.0	0	0.0
CassandraWriteRequest	1000	92	185000.0	1993	0.5052528038615207	185000.0	1993	0.5052528038615207	185.0	0	0.0	740.0	0	0.0	740.0	0	0.0
CassandraWriteRequest	1000	93	187000.0	1994	0.505506317561401	187000.0	1994	0.505506317561401	187.0	0	0.0	748.0	0	0.0	748.0	0	0.0
CassandraWriteRequest	1000	94	189000.0	1995	0.5057598312612813	189000.0	1994	0.505506317561401	189.0	0	0.0	756.0	0	0.0	756.0	0	0.0
CassandraWriteRequest	1000	95	191000.0	1977	0.5011965846634352	191000.0	1969	0.4991684750643925	191.0	5	0.0012675684994017077	764.0	0	0.0	764.0	0	0.0
CassandraWriteRequest	1000	96	193000.0	1909	0.48395765307157196	193000.0	1854	0.4700143995781532	193.0	2	5.070273997606831E-4	772.0	0	0.0	772.0	0	0.0
CassandraWriteRequest	1000	97	195000.0	1873	0.4748311598758797	195000.0	1937	0.49105603666822156	195.0	9	0.0022816232989230738	780.0	0	0.0	780.0	0	0.0
CassandraWriteRequest	1000	98	197000.0	2000	0.5070273997606831	197000.0	2000	0.5070273997606831	197.0	1	2.5351369988034153E-4	788.0	0	0.0	788.0	0	0.0
CassandraWriteRequest	1000	99	199000.0	2000	0.5070273997606831	199000.0	2000	0.5070273997606831	199.0	0	0.0	796.0	0	0.0	796.0	0	0.0
CassandraWriteRequest	1000	100	201000.0	2000	0.5070273997606831	201000.0	2000	0.5070273997606831	201.0	0	0.0	804.0	0	0.0	804.0	0	0.0
CassandraWriteRequest	1000	101	203000.0	1999	0.5067738860608028	203000.0	1994	0.505506317561401	203.0	0	0.0	812.0	0	0.0	812.0	0	0.0
CassandraWriteRequest	1000	102	205000.0	1971	0.49967550246415315	205000.0	1976	0.5009430709635548	205.0	0	0.0	820.0	0	0.0	820.0	0	0.0
CassandraWriteRequest	1000	103	207000.0	2000	0.5070273997606831	207000.0	2000	0.5070273997606831	207.0	4	0.0010140547995213661	828.0	0	0.0	828.0	0	0.0
CassandraWriteRequest	1000	104	209000.0	2000	0.5070273997606831	209000.0	2000	0.5070273997606831	209.0	34	0.008619465795931612	836.0	0	0.0	836.0	0	0.0
CassandraWriteRequest	1000	105	211000.0	2000	0.5070273997606831	211000.0	2000	0.5070273997606831	211.0	12	0.0030421643985640984	844.0	0	0.0	844.0	0	0.0
CassandraWriteRequest	1000	106	213000.0	1984	0.5029711805625976	213000.0	1973	0.5001825298639139	213.0	5	0.0012675684994017077	852.0	0	0.0	852.0	0	0.0
CassandraWriteRequest	1000	107	215000.0	1982	0.5024641531628369	215000.0	1993	0.5052528038615207	215.0	2	5.070273997606831E-4	860.0	0	0.0	860.0	0	0.0
CassandraWriteRequest	1000	108	217000.0	1965	0.4981544202648711	217000.0	1934	0.49029549556858054	217.0	0	0.0	868.0	0	0.0	868.0	0	0.0
CassandraWriteRequest	1000	109	219000.0	1969	0.4991684750643925	219000.0	2000	0.5070273997606831	219.0	0	0.0	876.0	0	0.0	876.0	0	0.0
CassandraWriteRequest	1000	110	221000.0	2000	0.5070273997606831	221000.0	2000	0.5070273997606831	221.0	0	0.0	884.0	0	0.0	884.0	0	0.0
CassandraWriteRequest	1000	111	223000.0	2000	0.5070273997606831	223000.0	2000	0.5070273997606831	223.0	0	0.0	892.0	0	0.0	892.0	0	0.0
CassandraWriteRequest	1000	112	225000.0	2000	0.5070273997606831	225000.0	1985	0.503224694262478	225.0	0	0.0	900.0	0	0.0	900.0	0	0.0
CassandraWriteRequest	1000	113	227000.0	1980	0.5019571257630763	227000.0	1994	0.505506317561401	227.0	1	2.5351369988034153E-4	908.0	0	0.0	908.0	0	0.0
CassandraWriteRequest	1000	114	229000.0	1992	0.5049992901616404	229000.0	1993	0.5052528038615207	229.0	1	2.5351369988034153E-4	916.0	0	0.0	916.0	0	0.0
CassandraWriteRequest	1000	115	231000.0	1990	0.5044922627618796	231000.0	1989	0.5042387490619993	231.0	0	0.0	924.0	0	0.0	924.0	0	0.0
CassandraWriteRequest	1000	116	233000.0	1840	0.4664652077798284	233000.0	1777	0.4504938446873669	233.0	0	0.0	932.0	0	0.0	932.0	0	0.0
CassandraWriteRequest	1000	117	235000.0	1830	0.463930070781025	235000.0	1892	0.4796479201736062	235.0	0	0.0	940.0	0	0.0	940.0	0	0.0
CassandraWriteRequest	1000	118	237000.0	1991	0.50474577646176	237000.0	1993	0.5052528038615207	237.0	0	0.0	948.0	0	0.0	948.0	0	0.0
CassandraWriteRequest	1000	119	239000.0	2000	0.5070273997606831	239000.0	1999	0.5067738860608028	239.0	0	0.0	956.0	0	0.0	956.0	0	0.0
CassandraWriteRequest	1000	120	241000.0	1999	0.5067738860608028	241000.0	2000	0.5070273997606831	241.0	0	0.0	964.0	0	0.0	964.0	0	0.0
CassandraWriteRequest	1000	121	243000.0	2000	0.5070273997606831	243000.0	1994	0.505506317561401	243.0	0	0.0	972.0	0	0.0	972.0	0	0.0
CassandraWriteRequest	1000	122	245000.0	1994	0.505506317561401	245000.0	2000	0.5070273997606831	245.0	0	0.0	980.0	0	0.0	980.0	0	0.0
CassandraWriteRequest	1000	123	247000.0	1994	0.505506317561401	247000.0	1987	0.5037317216622387	247.0	0	0.0	988.0	0	0.0	988.0	0	0.0
CassandraWriteRequest	1000	124	249000.0	1964	0.49790090656499075	249000.0	1971	0.49967550246415315	249.0	0	0.0	996.0	0	0.0	996.0	0	0.0
CassandraWriteRequest	1000	125	251000.0	2000	0.5070273997606831	251000.0	2000	0.5070273997606831	251.0	0	0.0	1004.0	0	0.0	1004.0	0	0.0
CassandraWriteRequest	1000	126	253000.0	1992	0.5049992901616404	253000.0	1991	0.50474577646176	253.0	0	0.0	1012.0	0	0.0	1012.0	0	0.0
CassandraWriteRequest	1000	127	255000.0	1999	0.5067738860608028	255000.0	2000	0.5070273997606831	255.0	0	0.0	1020.0	0	0.0	1020.0	0	0.0
CassandraWriteRequest	1000	128	257000.0	1994	0.505506317561401	257000.0	1994	0.505506317561401	257.0	0	0.0	1028.0	0	0.0	1028.0	0	0.0
CassandraWriteRequest	1000	129	259000.0	2000	0.5070273997606831	259000.0	2000	0.5070273997606831	259.0	0	0.0	1036.0	0	0.0	1036.0	0	0.0
CassandraWriteRequest	1000	130	261000.0	1991	0.50474577646176	261000.0	1987	0.5037317216622387	261.0	0	0.0	1044.0	0	0.0	1044.0	0	0.0
CassandraWriteRequest	1000	131	263000.0	1990	0.5044922627618796	263000.0	1990	0.5044922627618796	263.0	0	0.0	1052.0	0	0.0	1052.0	0	0.0
CassandraWriteRequest	1000	132	265000.0	1994	0.505506317561401	265000.0	1998	0.5065203723609224	265.0	0	0.0	1060.0	0	0.0	1060.0	0	0.0
CassandraWriteRequest	1000	133	267000.0	1995	0.5057598312612813	267000.0	1995	0.5057598312612813	267.0	0	0.0	1068.0	0	0.0	1068.0	0	0.0
CassandraWriteRequest	1000	134	269000.0	1982	0.5024641531628369	269000.0	1958	0.4963798243657087	269.0	0	0.0	1076.0	0	0.0	1076.0	0	0.0
CassandraWriteRequest	1000	135	271000.0	1968	0.49891496136451213	271000.0	1963	0.49764739286511045	271.0	0	0.0	1084.0	0	0.0	1084.0	0	0.0
CassandraWriteRequest	1000	136	273000.0	1895	0.4804084612732472	273000.0	1898	0.48116900237288823	273.0	0	0.0	1092.0	0	0.0	1092.0	0	0.0
CassandraWriteRequest	1000	137	275000.0	1972	0.4999290161640335	275000.0	1998	0.5065203723609224	275.0	0	0.0	1100.0	0	0.0	1100.0	0	0.0
CassandraWriteRequest	1000	138	277000.0	2000	0.5070273997606831	277000.0	1999	0.5067738860608028	277.0	0	0.0	1108.0	0	0.0	1108.0	0	0.0
CassandraWriteRequest	1000	139	279000.0	1999	0.5067738860608028	279000.0	2000	0.5070273997606831	279.0	0	0.0	1116.0	0	0.0	1116.0	0	0.0
CassandraWriteRequest	1000	140	281000.0	2000	0.5070273997606831	281000.0	2000	0.5070273997606831	281.0	0	0.0	1124.0	0	0.0	1124.0	0	0.0
CassandraWriteRequest	1000	141	283000.0	2000	0.5070273997606831	283000.0	1983	0.5027176668627172	283.0	0	0.0	1132.0	0	0.0	1132.0	0	0.0
CassandraWriteRequest	1000	142	285000.0	1983	0.5027176668627172	285000.0	2000	0.5070273997606831	285.0	0	0.0	1140.0	0	0.0	1140.0	0	0.0
CassandraWriteRequest	1000	143	287000.0	1992	0.5049992901616404	287000.0	1988	0.5039852353621189	287.0	0	0.0	1148.0	0	0.0	1148.0	0	0.0
CassandraWriteRequest	1000	144	289000.0	1996	0.5060133449611617	289000.0	1998	0.5065203723609224	289.0	0	0.0	1156.0	0	0.0	1156.0	0	0.0
CassandraWriteRequest	1000	145	291000.0	1982	0.5024641531628369	291000.0	1984	0.5029711805625976	291.0	0	0.0	1164.0	0	0.0	1164.0	0	0.0
CassandraWriteRequest	1000	146	293000.0	1975	0.5006895572636745	293000.0	1968	0.49891496136451213	293.0	0	0.0	1172.0	0	0.0	1172.0	0	0.0
CassandraWriteRequest	1000	147	295000.0	1964	0.49790090656499075	295000.0	1965	0.4981544202648711	295.0	0	0.0	1180.0	0	0.0	1180.0	0	0.0
CassandraWriteRequest	1000	148	297000.0	1994	0.505506317561401	297000.0	1991	0.50474577646176	297.0	0	0.0	1188.0	0	0.0	1188.0	0	0.0
CassandraWriteRequest	1000	149	299000.0	1991	0.50474577646176	299000.0	2000	0.5070273997606831	299.0	0	0.0	1196.0	0	0.0	1196.0	0	0.0
CassandraWriteRequest	1000	150	301000.0	2000	0.5070273997606831	301000.0	2000	0.5070273997606831	301.0	0	0.0	1204.0	0	0.0	1204.0	0	0.0
CassandraWriteRequest	1000	151	303000.0	1973	0.5001825298639139	303000.0	1928	0.4887744133692985	303.0	0	0.0	1212.0	0	0.0	1212.0	0	0.0
CassandraWriteRequest	1000	152	305000.0	1929	0.4890279270691788	305000.0	1956	0.49587279696594805	305.0	0	0.0	1220.0	0	0.0	1220.0	0	0.0
CassandraWriteRequest	1000	153	307000.0	1971	0.49967550246415315	307000.0	1982	0.5024641531628369	307.0	0	0.0	1228.0	0	0.0	1228.0	0	0.0
CassandraWriteRequest	1000	154	309000.0	1982	0.5024641531628369	309000.0	1989	0.5042387490619993	309.0	0	0.0	1236.0	0	0.0	1236.0	0	0.0
CassandraWriteRequest	1000	155	311000.0	2000	0.5070273997606831	311000.0	2000	0.5070273997606831	311.0	0	0.0	1244.0	0	0.0	1244.0	0	0.0
CassandraWriteRequest	1000	156	313000.0	1998	0.5065203723609224	313000.0	1998	0.5065203723609224	313.0	0	0.0	1252.0	0	0.0	1252.0	0	0.0
CassandraWriteRequest	1000	157	315000.0	2000	0.5070273997606831	315000.0	2000	0.5070273997606831	315.0	0	0.0	1260.0	0	0.0	1260.0	0	0.0
CassandraWriteRequest	1000	158	317000.0	1994	0.505506317561401	317000.0	1994	0.505506317561401	317.0	0	0.0	1268.0	0	0.0	1268.0	0	0.0
CassandraWriteRequest	1000	159	319000.0	1999	0.5067738860608028	319000.0	1999	0.5067738860608028	319.0	0	0.0	1276.0	0	0.0	1276.0	0	0.0
CassandraWriteRequest	1000	160	321000.0	1998	0.5065203723609224	321000.0	1997	0.506266858661042	321.0	0	0.0	1284.0	0	0.0	1284.0	0	0.0
CassandraWriteRequest	1000	161	323000.0	1932	0.4897884681688198	323000.0	1869	0.4738171050763583	323.0	0	0.0	1292.0	0	0.0	1292.0	0	0.0
CassandraWriteRequest	1000	162	325000.0	1880	0.47660575577504205	325000.0	1940	0.4918165777678626	325.0	0	0.0	1300.0	0	0.0	1300.0	0	0.0
CassandraWriteRequest	1000	163	327000.0	1987	0.5037317216622387	327000.0	1990	0.5044922627618796	327.0	0	0.0	1308.0	0	0.0	1308.0	0	0.0
CassandraWriteRequest	1000	164	329000.0	1999	0.5067738860608028	329000.0	2000	0.5070273997606831	329.0	0	0.0	1316.0	0	0.0	1316.0	0	0.0
CassandraWriteRequest	1000	165	331000.0	2000	0.5070273997606831	331000.0	2000	0.5070273997606831	331.0	0	0.0	1324.0	0	0.0	1324.0	0	0.0
CassandraWriteRequest	1000	166	333000.0	2000	0.5070273997606831	333000.0	2000	0.5070273997606831	333.0	0	0.0	1332.0	0	0.0	1332.0	0	0.0
CassandraWriteRequest	1000	167	335000.0	1999	0.5067738860608028	335000.0	1999	0.5067738860608028	335.0	0	0.0	1340.0	0	0.0	1340.0	0	0.0
CassandraWriteRequest	1000	168	337000.0	2000	0.5070273997606831	337000.0	2000	0.5070273997606831	337.0	0	0.0	1348.0	0	0.0	1348.0	0	0.0
CassandraWriteRequest	1000	169	339000.0	1998	0.5065203723609224	339000.0	1998	0.5065203723609224	339.0	0	0.0	1356.0	0	0.0	1356.0	0	0.0
CassandraWriteRequest	1000	170	341000.0	2000	0.5070273997606831	341000.0	2000	0.5070273997606831	341.0	0	0.0	1364.0	0	0.0	1364.0	0	0.0
CassandraWriteRequest	1000	171	343000.0	2000	0.5070273997606831	343000.0	1999	0.5067738860608028	343.0	0	0.0	1372.0	0	0.0	1372.0	0	0.0
CassandraWriteRequest	1000	172	345000.0	1999	0.5067738860608028	345000.0	2000	0.5070273997606831	345.0	0	0.0	1380.0	0	0.0	1380.0	0	0.0
CassandraWriteRequest	1000	173	347000.0	1974	0.5004360435637942	347000.0	1964	0.49790090656499075	347.0	0	0.0	1388.0	0	0.0	1388.0	0	0.0
CassandraWriteRequest	1000	174	349000.0	1958	0.4963798243657087	349000.0	1961	0.49714036546534973	349.0	0	0.0	1396.0	0	0.0	1396.0	0	0.0
CassandraWriteRequest	1000	175	351000.0	1965	0.4981544202648711	351000.0	1972	0.4999290161640335	351.0	0	0.0	1404.0	0	0.0	1404.0	0	0.0
CassandraWriteRequest	1000	176	353000.0	1903	0.4824365708722899	353000.0	1839	0.46621169407994806	353.0	0	0.0	1412.0	0	0.0	1412.0	0	0.0
CassandraWriteRequest	1000	177	355000.0	1605	0.40688948830794813	355000.0	1605	0.40688948830794813	355.0	0	0.0	1420.0	0	0.0	1420.0	0	0.0
CassandraWriteRequest	1000	178	357000.0	1681	0.42615652949885413	357000.0	1745	0.442381406291196	357.0	0	0.0	1428.0	0	0.0	1428.0	0	0.0
CassandraWriteRequest	1000	179	359000.0	2000	0.5070273997606831	359000.0	2000	0.5070273997606831	359.0	0	0.0	1436.0	0	0.0	1436.0	0	0.0
CassandraWriteRequest	1000	180	361000.0	1977	0.5011965846634352	361000.0	1952	0.49485874216642667	361.0	0	0.0	1444.0	0	0.0	1444.0	0	0.0
CassandraWriteRequest	1000	181	363000.0	1945	0.49308414626726427	363000.0	1965	0.4981544202648711	363.0	0	0.0	1452.0	0	0.0	1452.0	0	0.0
CassandraWriteRequest	1000	182	365000.0	1995	0.5057598312612813	365000.0	2000	0.5070273997606831	365.0	0	0.0	1460.0	0	0.0	1460.0	0	0.0
CassandraWriteRequest	1000	183	367000.0	2000	0.5070273997606831	367000.0	2000	0.5070273997606831	367.0	0	0.0	1468.0	0	0.0	1468.0	0	0.0
CassandraWriteRequest	1000	184	369000.0	1937	0.49105603666822156	369000.0	1937	0.49105603666822156	369.0	0	0.0	1476.0	0	0.0	1476.0	0	0.0
CassandraWriteRequest	1000	185	371000.0	1986	0.5034782079623583	371000.0	1986	0.5034782079623583	371.0	0	0.0	1484.0	0	0.0	1484.0	0	0.0
CassandraWriteRequest	1000	186	373000.0	1993	0.5052528038615207	373000.0	1975	0.5006895572636745	373.0	0	0.0	1492.0	0	0.0	1492.0	0	0.0
CassandraWriteRequest	1000	187	375000.0	1944	0.4928306325673839	375000.0	1962	0.4973938791652301	375.0	0	0.0	1500.0	0	0.0	1500.0	0	0.0
CassandraWriteRequest	1000	188	377000.0	1980	0.5019571257630763	377000.0	1974	0.5004360435637942	377.0	0	0.0	1508.0	0	0.0	1508.0	0	0.0
CassandraWriteRequest	1000	189	379000.0	1990	0.5044922627618796	379000.0	1995	0.5057598312612813	379.0	0	0.0	1516.0	0	0.0	1516.0	0	0.0
CassandraWriteRequest	1000	190	381000.0	1998	0.5065203723609224	381000.0	1995	0.5057598312612813	381.0	0	0.0	1524.0	0	0.0	1524.0	0	0.0
CassandraWriteRequest	1000	191	383000.0	1996	0.5060133449611617	383000.0	1973	0.5001825298639139	383.0	0	0.0	1532.0	0	0.0	1532.0	0	0.0
CassandraWriteRequest	1000	192	385000.0	1973	0.5001825298639139	385000.0	2000	0.5070273997606831	385.0	0	0.0	1540.0	0	0.0	1540.0	0	0.0
CassandraWriteRequest	1000	193	387000.0	1990	0.5044922627618796	387000.0	1987	0.5037317216622387	387.0	0	0.0	1548.0	0	0.0	1548.0	0	0.0
CassandraWriteRequest	1000	194	389000.0	1997	0.506266858661042	389000.0	2000	0.5070273997606831	389.0	0	0.0	1556.0	0	0.0	1556.0	0	0.0
CassandraWriteRequest	1000	195	391000.0	2000	0.5070273997606831	391000.0	2000	0.5070273997606831	391.0	0	0.0	1564.0	0	0.0	1564.0	0	0.0
CassandraWriteRequest	1000	196	393000.0	1990	0.5044922627618796	393000.0	1984	0.5029711805625976	393.0	0	0.0	1572.0	0	0.0	1572.0	0	0.0
CassandraWriteRequest	1000	197	395000.0	1994	0.505506317561401	395000.0	1995	0.5057598312612813	395.0	0	0.0	1580.0	0	0.0	1580.0	0	0.0
CassandraWriteRequest	1000	198	397000.0	1995	0.5057598312612813	397000.0	2000	0.5070273997606831	397.0	0	0.0	1588.0	0	0.0	1588.0	0	0.0
CassandraWriteRequest	1000	199	399000.0	1991	0.50474577646176	399000.0	1991	0.50474577646176	399.0	0	0.0	1596.0	0	0.0	1596.0	0	0.0
