'Request type'	'Load'	'Bucket'	'Start time'	'Absolute'	'Percent of requests'	'End time'	'Absolute'	'Percent of requests'	'Residence time'	'Absolute'	'Percent of requests'	'Theor. think time'	'Absolute'	'Percent of requests'	'Actual think time'	'Absolute'	'Percent of requests'
CassandraWriteRequest	2000	0	1000.5	3996	0.5133337015907435	1000.5	3956	0.5081952260993446	1.0	297074	38.16268670329543	4.5	778441	100.0	4.5	778441	100.0
CassandraWriteRequest	2000	1	3001.5	3945	0.5067821453392101	3001.5	3985	0.5119206208306089	3.0	150416	19.322723237856177	13.5	0	0.0	13.5	0	0.0
CassandraWriteRequest	2000	2	5002.5	3988	0.5123060064924637	5002.5	3988	0.5123060064924637	5.0	91455	11.74848190164701	22.5	0	0.0	22.5	0	0.0
CassandraWriteRequest	2000	3	7003.5	3924	0.5040844457062257	7003.5	3872	0.49740442756740716	7.0	61708	7.927126140580982	31.5	0	0.0	31.5	0	0.0
CassandraWriteRequest	2000	4	9004.5	3939	0.5060113740155002	9004.5	3979	0.511149849506899	9.0	37227	4.78225067795761	40.5	0	0.0	40.5	0	0.0
CassandraWriteRequest	2000	5	11005.5	3870	0.49714750379283723	11005.5	3821	0.49085287131587363	11.0	25052	3.21822720026309	49.5	0	0.0	49.5	0	0.0
CassandraWriteRequest	2000	6	13006.5	3936	0.5056259883536453	13006.5	3996	0.5133337015907435	13.0	19498	2.504749878282362	58.5	0	0.0	58.5	0	0.0
CassandraWriteRequest	2000	7	15007.5	3884	0.4989459702148268	15007.5	3821	0.49085287131587363	15.0	15329	1.9691922701913183	67.5	0	0.0	67.5	0	0.0
CassandraWriteRequest	2000	8	17008.5	3927	0.5044698313680805	17008.5	3990	0.5125629302670337	17.0	11796	1.5153364224135162	76.5	0	0.0	76.5	0	0.0
CassandraWriteRequest	2000	9	19009.5	3992	0.5128198540416037	19009.5	3993	0.5129483159288886	19.0	8391	1.0779236962081904	85.5	0	0.0	85.5	0	0.0
CassandraWriteRequest	2000	10	21010.5	3726	0.4786489920238014	21010.5	3662	0.47042743123756325	21.0	6244	0.8021160242073581	94.5	0	0.0	94.5	0	0.0
CassandraWriteRequest	2000	11	23011.5	3775	0.48494362450076495	23011.5	3824	0.49123825697772855	23.0	5131	0.6591379436591854	103.5	0	0.0	103.5	0	0.0
CassandraWriteRequest	2000	12	25012.5	3968	0.5097367687467643	25012.5	3980	0.511278311394184	25.0	4439	0.5702423176579856	112.5	0	0.0	112.5	0	0.0
CassandraWriteRequest	2000	13	27013.5	3997	0.5134621634780285	27013.5	3998	0.5135906253653135	27.0	3824	0.49123825697772855	121.5	0	0.0	121.5	0	0.0
CassandraWriteRequest	2000	14	29014.5	3997	0.5134621634780285	29014.5	3995	0.5132052397034585	29.0	3135	0.40272801663838365	130.5	0	0.0	130.5	0	0.0
CassandraWriteRequest	2000	15	31015.5	3995	0.5132052397034585	31015.5	3999	0.5137190872525984	31.0	2921	0.3752371727593999	139.5	0	0.0	139.5	0	0.0
CassandraWriteRequest	2000	16	33016.5	3351	0.43047578429193734	33016.5	3287	0.4222542235056992	33.0	2640	0.33913938243232306	148.5	0	0.0	148.5	0	0.0
CassandraWriteRequest	2000	17	35017.5	3936	0.5056259883536453	35017.5	4000	0.5138475491398834	35.0	2471	0.317429323481163	157.5	0	0.0	157.5	0	0.0
CassandraWriteRequest	2000	18	37018.5	3781	0.4857143958244748	37018.5	3780	0.48558593393718985	37.0	2247	0.2886538607293295	166.5	0	0.0	166.5	0	0.0
CassandraWriteRequest	2000	19	39019.5	3977	0.5108929257323291	39019.5	3978	0.511021387619614	39.0	1760	0.2260929216215487	175.5	0	0.0	175.5	0	0.0
CassandraWriteRequest	2000	20	41020.5	4000	0.5138475491398834	41020.5	4000	0.5138475491398834	41.0	1818	0.233543711084077	184.5	0	0.0	184.5	0	0.0
CassandraWriteRequest	2000	21	43021.5	3800	0.48815517168288924	43021.5	3791	0.4869990146973245	43.0	1780	0.22866215936724812	193.5	0	0.0	193.5	0	0.0
CassandraWriteRequest	2000	22	45022.5	3972	0.5102506162959042	45022.5	3971	0.5101221544086193	45.0	1447	0.18588435090135283	202.5	0	0.0	202.5	0	0.0
CassandraWriteRequest	2000	23	47023.5	3989	0.5124344683797487	47023.5	3997	0.5134621634780285	47.0	1239	0.15916427834607888	211.5	0	0.0	211.5	0	0.0
CassandraWriteRequest	2000	24	49024.5	3987	0.5121775446051788	49024.5	3989	0.5124344683797487	49.0	1258	0.16160505420449334	220.5	0	0.0	220.5	0	0.0
CassandraWriteRequest	2000	25	51025.5	3961	0.5088375355357696	51025.5	3897	0.5006159747495315	51.0	1090	0.14002345714061823	229.5	0	0.0	229.5	0	0.0
CassandraWriteRequest	2000	26	53026.5	3936	0.5056259883536453	53026.5	3974	0.5105075400704742	53.0	1073	0.13783960505677373	238.5	0	0.0	238.5	0	0.0
CassandraWriteRequest	2000	27	55027.5	3973	0.5103790781831892	55027.5	3990	0.5125629302670337	55.0	972	0.12486495444099167	247.5	0	0.0	247.5	0	0.0
CassandraWriteRequest	2000	28	57028.5	3988	0.5123060064924637	57028.5	3997	0.5134621634780285	57.0	746	0.09583256791458826	256.5	0	0.0	256.5	0	0.0
CassandraWriteRequest	2000	29	59029.5	3989	0.5124344683797487	59029.5	3985	0.5119206208306089	59.0	791	0.10161335284241195	265.5	0	0.0	265.5	0	0.0
CassandraWriteRequest	2000	30	61030.5	3940	0.5061398359027852	61030.5	3921	0.5036990600443707	61.0	790	0.10148489095512697	274.5	0	0.0	274.5	0	0.0
CassandraWriteRequest	2000	31	63031.5	3977	0.5108929257323291	63031.5	4000	0.5138475491398834	63.0	852	0.10944952796679516	283.5	0	0.0	283.5	0	0.0
CassandraWriteRequest	2000	32	65032.5	4000	0.5138475491398834	65032.5	3959	0.5085806117611996	65.0	692	0.08889562600119984	292.5	0	0.0	292.5	0	0.0
CassandraWriteRequest	2000	33	67033.5	3813	0.48982517621759386	67033.5	3799	0.48802670979560425	67.0	629	0.08080252710224667	301.5	0	0.0	301.5	0	0.0
CassandraWriteRequest	2000	34	69034.5	3941	0.5062682977900701	69034.5	3996	0.5133337015907435	69.0	556	0.07142480933044379	310.5	0	0.0	310.5	0	0.0
CassandraWriteRequest	2000	35	71035.5	3591	0.46130663724033033	71035.5	3527	0.4530850764540922	71.0	531	0.06821326214831952	319.5	0	0.0	319.5	0	0.0
CassandraWriteRequest	2000	36	73036.5	3936	0.5056259883536453	73036.5	3999	0.5137190872525984	73.0	574	0.07373712330157327	328.5	0	0.0	328.5	0	0.0
CassandraWriteRequest	2000	37	75037.5	3998	0.5135906253653135	75037.5	3999	0.5137190872525984	75.0	475	0.061019396460361155	337.5	0	0.0	337.5	0	0.0
CassandraWriteRequest	2000	38	77038.5	4000	0.5138475491398834	77038.5	3980	0.511278311394184	77.0	417	0.05356860699783285	346.5	0	0.0	346.5	0	0.0
CassandraWriteRequest	2000	39	79039.5	3973	0.5103790781831892	79039.5	3992	0.5128198540416037	79.0	459	0.05896400626380162	355.5	0	0.0	355.5	0	0.0
CassandraWriteRequest	2000	40	81040.5	3999	0.5137190872525984	81040.5	3991	0.5126913921543187	81.0	503	0.06461632930434034	364.5	0	0.0	364.5	0	0.0
CassandraWriteRequest	2000	41	83041.5	3991	0.5126913921543187	83041.5	4000	0.5138475491398834	83.0	408	0.05241245001226811	373.5	0	0.0	373.5	0	0.0
CassandraWriteRequest	2000	42	85042.5	3981	0.511406773281469	85042.5	3966	0.5094798449721945	85.0	371	0.04765936018272419	382.5	0	0.0	382.5	0	0.0
CassandraWriteRequest	2000	43	87043.5	3946	0.506910607226495	87043.5	3961	0.5088375355357696	87.0	462	0.05934939192565653	391.5	0	0.0	391.5	0	0.0
CassandraWriteRequest	2000	44	89044.5	3979	0.511149849506899	89044.5	3975	0.5106360019577592	89.0	495	0.06358863420606058	400.5	0	0.0	400.5	0	0.0
CassandraWriteRequest	2000	45	91045.5	3835	0.49265133773786324	91045.5	3775	0.48494362450076495	91.0	481	0.06179016778407098	409.5	0	0.0	409.5	0	0.0
CassandraWriteRequest	2000	46	93046.5	3592	0.4614350991276153	93046.5	3656	0.46965665991385347	93.0	494	0.0634601723187756	418.5	0	0.0	418.5	0	0.0
CassandraWriteRequest	2000	47	95047.5	4000	0.5138475491398834	95047.5	4000	0.5138475491398834	95.0	594	0.07630636104727269	427.5	0	0.0	427.5	0	0.0
CassandraWriteRequest	2000	48	97048.5	4000	0.5138475491398834	97048.5	4000	0.5138475491398834	97.0	590	0.0757925134981328	436.5	0	0.0	436.5	0	0.0
CassandraWriteRequest	2000	49	99049.5	4000	0.5138475491398834	99049.5	4000	0.5138475491398834	99.0	526	0.06757095271189467	445.5	0	0.0	445.5	0	0.0
CassandraWriteRequest	2000	50	101050.5	3988	0.5123060064924637	101050.5	3959	0.5085806117611996	101.0	502	0.06448786741705537	454.5	0	0.0	454.5	0	0.0
CassandraWriteRequest	2000	51	103051.5	3855	0.49522057548356263	103051.5	3884	0.4989459702148268	103.0	345	0.04431935111331495	463.5	0	0.0	463.5	0	0.0
CassandraWriteRequest	2000	52	105052.5	4000	0.5138475491398834	105052.5	4000	0.5138475491398834	105.0	271	0.034813171454227104	472.5	0	0.0	472.5	0	0.0
CassandraWriteRequest	2000	53	107053.5	3835	0.49265133773786324	107053.5	3771	0.4844297769516251	107.0	198	0.02543545368242423	481.5	0	0.0	481.5	0	0.0
CassandraWriteRequest	2000	54	109054.5	3936	0.5056259883536453	109054.5	4000	0.5138475491398834	109.0	166	0.021324673289305162	490.5	0	0.0	490.5	0	0.0
CassandraWriteRequest	2000	55	111055.5	3599	0.4623343323386101	111055.5	3535	0.45411277155237195	111.0	128	0.01644312157247627	499.5	0	0.0	499.5	0	0.0
CassandraWriteRequest	2000	56	113056.5	3101	0.39836031247069464	113056.5	3101	0.39836031247069464	113.0	91	0.011690031742932348	508.5	0	0.0	508.5	0	0.0
CassandraWriteRequest	2000	57	115057.5	3936	0.5056259883536453	115057.5	4000	0.5138475491398834	115.0	84	0.010790798531937552	517.5	0	0.0	517.5	0	0.0
CassandraWriteRequest	2000	58	117058.5	4000	0.5138475491398834	117058.5	4000	0.5138475491398834	117.0	84	0.010790798531937552	526.5	0	0.0	526.5	0	0.0
CassandraWriteRequest	2000	59	119059.5	4000	0.5138475491398834	119059.5	4000	0.5138475491398834	119.0	74	0.009506179659087843	535.5	0	0.0	535.5	0	0.0
CassandraWriteRequest	2000	60	121060.5	3993	0.5129483159288886	121060.5	3982	0.511535235168754	121.0	25	0.0032115471821242713	544.5	0	0.0	544.5	0	0.0
CassandraWriteRequest	2000	61	123061.5	3904	0.5015152079605262	123061.5	3859	0.49573442303270254	123.0	15	0.0019269283092745628	553.5	0	0.0	553.5	0	0.0
CassandraWriteRequest	2000	62	125062.5	3886	0.4992028939893967	125062.5	3932	0.5051121408045054	125.0	32	0.004110780393119067	562.5	0	0.0	562.5	0	0.0
CassandraWriteRequest	2000	63	127063.5	3967	0.5096083068594793	127063.5	3955	0.5080667642120598	127.0	38	0.004881551716828893	571.5	0	0.0	571.5	0	0.0
CassandraWriteRequest	2000	64	129064.5	3961	0.5088375355357696	129064.5	3974	0.5105075400704742	129.0	23	0.0029546234075543297	580.5	0	0.0	580.5	0	0.0
CassandraWriteRequest	2000	65	131065.5	3788	0.4866136290354696	131065.5	3733	0.4795482252347962	131.0	30	0.0038538566185491257	589.5	0	0.0	589.5	0	0.0
CassandraWriteRequest	2000	66	133066.5	3883	0.49881750832754185	133066.5	3947	0.5070390691137799	133.0	34	0.004367704167689009	598.5	0	0.0	598.5	0	0.0
CassandraWriteRequest	2000	67	135067.5	3997	0.5134621634780285	135067.5	3996	0.5133337015907435	135.0	31	0.003982318505834096	607.5	0	0.0	607.5	0	0.0
CassandraWriteRequest	2000	68	137068.5	3998	0.5135906253653135	137068.5	3997	0.5134621634780285	137.0	19	0.0024407758584144464	616.5	0	0.0	616.5	0	0.0
CassandraWriteRequest	2000	69	139069.5	3940	0.5061398359027852	139069.5	3885	0.4990744321021118	139.0	29	0.0037253947312641546	625.5	0	0.0	625.5	0	0.0
CassandraWriteRequest	2000	70	141070.5	3672	0.47171205011041295	141070.5	3670	0.471455126335843	141.0	39	0.005010013604113863	634.5	0	0.0	634.5	0	0.0
CassandraWriteRequest	2000	71	143071.5	3936	0.5056259883536453	143071.5	3995	0.5132052397034585	143.0	15	0.0019269283092745628	643.5	0	0.0	643.5	0	0.0
CassandraWriteRequest	2000	72	145072.5	3976	0.5107644638450441	145072.5	3976	0.5107644638450441	145.0	19	0.0024407758584144464	652.5	0	0.0	652.5	0	0.0
CassandraWriteRequest	2000	73	147073.5	3946	0.506910607226495	147073.5	3922	0.5038275219316557	147.0	26	0.0033400090694092424	661.5	0	0.0	661.5	0	0.0
CassandraWriteRequest	2000	74	149074.5	3974	0.5105075400704742	149074.5	3991	0.5126913921543187	149.0	3	3.853856618549126E-4	670.5	0	0.0	670.5	0	0.0
CassandraWriteRequest	2000	75	151075.5	3908	0.5020290555096661	151075.5	3906	0.5017721317350962	151.0	20	0.002569237745699417	679.5	0	0.0	679.5	0	0.0
CassandraWriteRequest	2000	76	153076.5	3897	0.5006159747495315	153076.5	3902	0.5012582841859563	153.0	6	7.707713237098252E-4	688.5	0	0.0	688.5	0	0.0
CassandraWriteRequest	2000	77	155077.5	3989	0.5124344683797487	155077.5	3984	0.5117921589433239	155.0	2	2.569237745699417E-4	697.5	0	0.0	697.5	0	0.0
CassandraWriteRequest	2000	78	157078.5	3984	0.5117921589433239	157078.5	3992	0.5128198540416037	157.0	0	0.0	706.5	0	0.0	706.5	0	0.0
CassandraWriteRequest	2000	79	159079.5	3998	0.5135906253653135	159079.5	3999	0.5137190872525984	159.0	1	1.2846188728497085E-4	715.5	0	0.0	715.5	0	0.0
CassandraWriteRequest	2000	80	161080.5	3988	0.5123060064924637	161080.5	3924	0.5040844457062257	161.0	5	6.423094364248542E-4	724.5	0	0.0	724.5	0	0.0
CassandraWriteRequest	2000	81	163081.5	3936	0.5056259883536453	163081.5	4000	0.5138475491398834	163.0	20	0.002569237745699417	733.5	0	0.0	733.5	0	0.0
CassandraWriteRequest	2000	82	165082.5	4000	0.5138475491398834	165082.5	4000	0.5138475491398834	165.0	30	0.0038538566185491257	742.5	0	0.0	742.5	0	0.0
CassandraWriteRequest	2000	83	167083.5	4000	0.5138475491398834	167083.5	4000	0.5138475491398834	167.0	34	0.004367704167689009	751.5	0	0.0	751.5	0	0.0
CassandraWriteRequest	2000	84	169084.5	4000	0.5138475491398834	169084.5	4000	0.5138475491398834	169.0	10	0.0012846188728497085	760.5	0	0.0	760.5	0	0.0
CassandraWriteRequest	2000	85	171085.5	4000	0.5138475491398834	171085.5	4000	0.5138475491398834	171.0	2	2.569237745699417E-4	769.5	0	0.0	769.5	0	0.0
CassandraWriteRequest	2000	86	173086.5	3992	0.5128198540416037	173086.5	3930	0.5048552170299354	173.0	8	0.0010276950982797668	778.5	0	0.0	778.5	0	0.0
CassandraWriteRequest	2000	87	175087.5	3709	0.47646513993995687	175087.5	3771	0.4844297769516251	175.0	10	0.0012846188728497085	787.5	0	0.0	787.5	0	0.0
CassandraWriteRequest	2000	88	177088.5	4000	0.5138475491398834	177088.5	4000	0.5138475491398834	177.0	10	0.0012846188728497085	796.5	0	0.0	796.5	0	0.0
CassandraWriteRequest	2000	89	179089.5	4000	0.5138475491398834	179089.5	4000	0.5138475491398834	179.0	7	8.99233210994796E-4	805.5	0	0.0	805.5	0	0.0
CassandraWriteRequest	2000	90	181090.5	4000	0.5138475491398834	181090.5	3998	0.5135906253653135	181.0	2	2.569237745699417E-4	814.5	0	0.0	814.5	0	0.0
CassandraWriteRequest	2000	91	183091.5	3733	0.4795482252347962	183091.5	3675	0.47209743577226787	183.0	0	0.0	823.5	0	0.0	823.5	0	0.0
CassandraWriteRequest	2000	92	185092.5	3709	0.47646513993995687	185092.5	3752	0.48198900109321063	185.0	3	3.853856618549126E-4	832.5	0	0.0	832.5	0	0.0
CassandraWriteRequest	2000	93	187093.5	3968	0.5097367687467643	187093.5	3985	0.5119206208306089	187.0	7	8.99233210994796E-4	841.5	0	0.0	841.5	0	0.0
CassandraWriteRequest	2000	94	189094.5	3999	0.5137190872525984	189094.5	3998	0.5135906253653135	189.0	5	6.423094364248542E-4	850.5	0	0.0	850.5	0	0.0
CassandraWriteRequest	2000	95	191095.5	3918	0.5033136743825158	191095.5	3856	0.4953490373708476	191.0	1	1.2846188728497085E-4	859.5	0	0.0	859.5	0	0.0
CassandraWriteRequest	2000	96	193096.5	3335	0.4284203940953778	193096.5	3361	0.43176040316478703	193.0	0	0.0	868.5	0	0.0	868.5	0	0.0
CassandraWriteRequest	2000	97	195097.5	3847	0.49419288038528286	195097.5	3835	0.49265133773786324	195.0	0	0.0	877.5	0	0.0	877.5	0	0.0
CassandraWriteRequest	2000	98	197098.5	3950	0.5074244547756349	197098.5	3999	0.5137190872525984	197.0	2	2.569237745699417E-4	886.5	0	0.0	886.5	0	0.0
CassandraWriteRequest	2000	99	199099.5	4000	0.5138475491398834	199099.5	4000	0.5138475491398834	199.0	0	0.0	895.5	0	0.0	895.5	0	0.0
CassandraWriteRequest	2000	100	201100.5	3476	0.4465335202025587	201100.5	3412	0.43831195941632056	201.0	0	0.0	904.5	0	0.0	904.5	0	0.0
CassandraWriteRequest	2000	101	203101.5	3935	0.5054975264663603	203101.5	3999	0.5137190872525984	203.0	0	0.0	913.5	0	0.0	913.5	0	0.0
CassandraWriteRequest	2000	102	205102.5	4000	0.5138475491398834	205102.5	4000	0.5138475491398834	205.0	0	0.0	922.5	0	0.0	922.5	0	0.0
CassandraWriteRequest	2000	103	207103.5	3957	0.5083236879866296	207103.5	3948	0.5071675310010649	207.0	12	0.0015415426474196504	931.5	0	0.0	931.5	0	0.0
CassandraWriteRequest	2000	104	209104.5	3990	0.5125629302670337	209104.5	3998	0.5135906253653135	209.0	10	0.0012846188728497085	940.5	0	0.0	940.5	0	0.0
CassandraWriteRequest	2000	105	211105.5	3820	0.49072440942858864	211105.5	3757	0.4826313105296355	211.0	7	8.99233210994796E-4	949.5	0	0.0	949.5	0	0.0
CassandraWriteRequest	2000	106	213106.5	3852	0.4948351898217077	213106.5	3853	0.4949636517089927	213.0	0	0.0	958.5	0	0.0	958.5	0	0.0
CassandraWriteRequest	2000	107	215107.5	3857	0.49547749925813256	215107.5	3883	0.49881750832754185	215.0	1	1.2846188728497085E-4	967.5	0	0.0	967.5	0	0.0
CassandraWriteRequest	2000	108	217108.5	3943	0.5065252215646401	217108.5	3980	0.511278311394184	217.0	0	0.0	976.5	0	0.0	976.5	0	0.0
CassandraWriteRequest	2000	109	219109.5	3910	0.502285979284236	219109.5	3859	0.49573442303270254	219.0	3	3.853856618549126E-4	985.5	0	0.0	985.5	0	0.0
CassandraWriteRequest	2000	110	221110.5	3453	0.44357889679500434	221110.5	3440	0.4419088922602997	221.0	1	1.2846188728497085E-4	994.5	0	0.0	994.5	0	0.0
CassandraWriteRequest	2000	111	223111.5	3474	0.4462765964279887	223111.5	3492	0.44858891039911825	223.0	0	0.0	1003.5	0	0.0	1003.5	0	0.0
CassandraWriteRequest	2000	112	225112.5	3770	0.4843013150643401	225112.5	3810	0.48943979055573894	225.0	0	0.0	1012.5	0	0.0	1012.5	0	0.0
CassandraWriteRequest	2000	113	227113.5	3992	0.5128198540416037	227113.5	3998	0.5135906253653135	227.0	0	0.0	1021.5	0	0.0	1021.5	0	0.0
CassandraWriteRequest	2000	114	229114.5	4000	0.5138475491398834	229114.5	4000	0.5138475491398834	229.0	0	0.0	1030.5	0	0.0	1030.5	0	0.0
CassandraWriteRequest	2000	115	231115.5	3948	0.5071675310010649	231115.5	3884	0.4989459702148268	231.0	0	0.0	1039.5	0	0.0	1039.5	0	0.0
CassandraWriteRequest	2000	116	233116.5	2590	0.3327162880680745	233116.5	2592	0.33297321184264445	233.0	0	0.0	1048.5	0	0.0	1048.5	0	0.0
CassandraWriteRequest	2000	117	235117.5	3928	0.5045982932553655	235117.5	3990	0.5125629302670337	235.0	0	0.0	1057.5	0	0.0	1057.5	0	0.0
CassandraWriteRequest	2000	118	237118.5	4000	0.5138475491398834	237118.5	4000	0.5138475491398834	237.0	5	6.423094364248542E-4	1066.5	0	0.0	1066.5	0	0.0
CassandraWriteRequest	2000	119	239119.5	4000	0.5138475491398834	239119.5	4000	0.5138475491398834	239.0	1	1.2846188728497085E-4	1075.5	0	0.0	1075.5	0	0.0
CassandraWriteRequest	2000	120	241120.5	3831	0.4921374901887233	241120.5	3767	0.4839159294024852	241.0	0	0.0	1084.5	0	0.0	1084.5	0	0.0
CassandraWriteRequest	2000	121	243121.5	3883	0.49881750832754185	243121.5	3939	0.5060113740155002	243.0	0	0.0	1093.5	0	0.0	1093.5	0	0.0
CassandraWriteRequest	2000	122	245122.5	3992	0.5128198540416037	245122.5	4000	0.5138475491398834	245.0	0	0.0	1102.5	0	0.0	1102.5	0	0.0
CassandraWriteRequest	2000	123	247123.5	4000	0.5138475491398834	247123.5	3999	0.5137190872525984	247.0	0	0.0	1111.5	0	0.0	1111.5	0	0.0
CassandraWriteRequest	2000	124	249124.5	3999	0.5137190872525984	249124.5	4000	0.5138475491398834	249.0	0	0.0	1120.5	0	0.0	1120.5	0	0.0
CassandraWriteRequest	2000	125	251125.5	3284	0.42186883784384427	251125.5	3220	0.4136472770576061	251.0	0	0.0	1129.5	0	0.0	1129.5	0	0.0
CassandraWriteRequest	2000	126	253126.5	3791	0.4869990146973245	253126.5	3855	0.49522057548356263	253.0	0	0.0	1138.5	0	0.0	1138.5	0	0.0
CassandraWriteRequest	2000	127	255127.5	3993	0.5129483159288886	255127.5	3984	0.5117921589433239	255.0	0	0.0	1147.5	0	0.0	1147.5	0	0.0
CassandraWriteRequest	2000	128	257128.5	3983	0.5116636970560389	257128.5	3987	0.5121775446051788	257.0	0	0.0	1156.5	0	0.0	1156.5	0	0.0
CassandraWriteRequest	2000	129	259129.5	3994	0.5130767778161736	259129.5	3999	0.5137190872525984	259.0	0	0.0	1165.5	0	0.0	1165.5	0	0.0
CassandraWriteRequest	2000	130	261130.5	3840	0.4932936471742881	261130.5	3776	0.48507208638804994	261.0	0	0.0	1174.5	0	0.0	1174.5	0	0.0
CassandraWriteRequest	2000	131	263131.5	3916	0.5030567506079459	263131.5	3927	0.5044698313680805	263.0	0	0.0	1183.5	0	0.0	1183.5	0	0.0
CassandraWriteRequest	2000	132	265132.5	3936	0.5056259883536453	265132.5	3989	0.5124344683797487	265.0	0	0.0	1192.5	0	0.0	1192.5	0	0.0
CassandraWriteRequest	2000	133	267133.5	4000	0.5138475491398834	267133.5	4000	0.5138475491398834	267.0	0	0.0	1201.5	0	0.0	1201.5	0	0.0
CassandraWriteRequest	2000	134	269134.5	3997	0.5134621634780285	269134.5	3997	0.5134621634780285	269.0	0	0.0	1210.5	0	0.0	1210.5	0	0.0
CassandraWriteRequest	2000	135	271135.5	3616	0.4645181844224546	271135.5	3552	0.4562966236362165	271.0	0	0.0	1219.5	0	0.0	1219.5	0	0.0
CassandraWriteRequest	2000	136	273136.5	3936	0.5056259883536453	273136.5	4000	0.5138475491398834	273.0	0	0.0	1228.5	0	0.0	1228.5	0	0.0
CassandraWriteRequest	2000	137	275137.5	3974	0.5105075400704742	275137.5	3974	0.5105075400704742	275.0	0	0.0	1237.5	0	0.0	1237.5	0	0.0
CassandraWriteRequest	2000	138	277138.5	3975	0.5106360019577592	277138.5	3966	0.5094798449721945	277.0	0	0.0	1246.5	0	0.0	1246.5	0	0.0
CassandraWriteRequest	2000	139	279139.5	3962	0.5089659974230545	279139.5	3944	0.5066536834519251	279.0	0	0.0	1255.5	0	0.0	1255.5	0	0.0
CassandraWriteRequest	2000	140	281140.5	3826	0.4914951807522985	281140.5	3789	0.48674209092275456	281.0	0	0.0	1264.5	0	0.0	1264.5	0	0.0
CassandraWriteRequest	2000	141	283141.5	3936	0.5056259883536453	283141.5	4000	0.5138475491398834	283.0	0	0.0	1273.5	0	0.0	1273.5	0	0.0
CassandraWriteRequest	2000	142	285142.5	3958	0.5084521498739146	285142.5	3894	0.5002305890876765	285.0	0	0.0	1282.5	0	0.0	1282.5	0	0.0
CassandraWriteRequest	2000	143	287143.5	3936	0.5056259883536453	287143.5	4000	0.5138475491398834	287.0	0	0.0	1291.5	0	0.0	1291.5	0	0.0
CassandraWriteRequest	2000	144	289144.5	3985	0.5119206208306089	289144.5	3983	0.5116636970560389	289.0	0	0.0	1300.5	0	0.0	1300.5	0	0.0
CassandraWriteRequest	2000	145	291145.5	3977	0.5108929257323291	291145.5	3915	0.5029282887206609	291.0	0	0.0	1309.5	0	0.0	1309.5	0	0.0
CassandraWriteRequest	2000	146	293146.5	3936	0.5056259883536453	293146.5	4000	0.5138475491398834	293.0	0	0.0	1318.5	0	0.0	1318.5	0	0.0
CassandraWriteRequest	2000	147	295147.5	3981	0.511406773281469	295147.5	3968	0.5097367687467643	295.0	0	0.0	1327.5	0	0.0	1327.5	0	0.0
CassandraWriteRequest	2000	148	297148.5	3984	0.5117921589433239	297148.5	3997	0.5134621634780285	297.0	0	0.0	1336.5	0	0.0	1336.5	0	0.0
CassandraWriteRequest	2000	149	299149.5	3978	0.511021387619614	299149.5	3977	0.5108929257323291	299.0	0	0.0	1345.5	0	0.0	1345.5	0	0.0
CassandraWriteRequest	2000	150	301150.5	3912	0.502542903058806	301150.5	3913	0.502671364946091	301.0	0	0.0	1354.5	0	0.0	1354.5	0	0.0
CassandraWriteRequest	2000	151	303151.5	4000	0.5138475491398834	303151.5	4000	0.5138475491398834	303.0	0	0.0	1363.5	0	0.0	1363.5	0	0.0
CassandraWriteRequest	2000	152	305152.5	4000	0.5138475491398834	305152.5	4000	0.5138475491398834	305.0	0	0.0	1372.5	0	0.0	1372.5	0	0.0
CassandraWriteRequest	2000	153	307153.5	4000	0.5138475491398834	307153.5	4000	0.5138475491398834	307.0	0	0.0	1381.5	0	0.0	1381.5	0	0.0
CassandraWriteRequest	2000	154	309154.5	4000	0.5138475491398834	309154.5	4000	0.5138475491398834	309.0	0	0.0	1390.5	0	0.0	1390.5	0	0.0
CassandraWriteRequest	2000	155	311155.5	3477	0.44666198208984365	311155.5	3413	0.4384404213036055	311.0	0	0.0	1399.5	0	0.0	1399.5	0	0.0
CassandraWriteRequest	2000	156	313156.5	3877	0.498046737003832	313156.5	3933	0.5052406026917904	313.0	0	0.0	1408.5	0	0.0	1408.5	0	0.0
CassandraWriteRequest	2000	157	315157.5	3991	0.5126913921543187	315157.5	3999	0.5137190872525984	315.0	0	0.0	1417.5	0	0.0	1417.5	0	0.0
CassandraWriteRequest	2000	158	317158.5	3989	0.5124344683797487	317158.5	3986	0.5120490827178938	317.0	0	0.0	1426.5	0	0.0	1426.5	0	0.0
CassandraWriteRequest	2000	159	319159.5	3865	0.4965051943564123	319159.5	3868	0.49689058001826725	319.0	0	0.0	1435.5	0	0.0	1435.5	0	0.0
CassandraWriteRequest	2000	160	321160.5	3994	0.5130767778161736	321160.5	3986	0.5120490827178938	321.0	0	0.0	1444.5	0	0.0	1444.5	0	0.0
CassandraWriteRequest	2000	161	323161.5	3992	0.5128198540416037	323161.5	4000	0.5138475491398834	323.0	0	0.0	1453.5	0	0.0	1453.5	0	0.0
CassandraWriteRequest	2000	162	325162.5	4000	0.5138475491398834	325162.5	4000	0.5138475491398834	325.0	0	0.0	1462.5	0	0.0	1462.5	0	0.0
CassandraWriteRequest	2000	163	327163.5	3994	0.5130767778161736	327163.5	3994	0.5130767778161736	327.0	0	0.0	1471.5	0	0.0	1471.5	0	0.0
CassandraWriteRequest	2000	164	329164.5	4000	0.5138475491398834	329164.5	4000	0.5138475491398834	329.0	0	0.0	1480.5	0	0.0	1480.5	0	0.0
CassandraWriteRequest	2000	165	331165.5	3016	0.3874410520514721	331165.5	2952	0.37921949126523397	331.0	0	0.0	1489.5	0	0.0	1489.5	0	0.0
CassandraWriteRequest	2000	166	333166.5	3936	0.5056259883536453	333166.5	4000	0.5138475491398834	333.0	0	0.0	1498.5	0	0.0	1498.5	0	0.0
CassandraWriteRequest	2000	167	335167.5	4000	0.5138475491398834	335167.5	4000	0.5138475491398834	335.0	0	0.0	1507.5	0	0.0	1507.5	0	0.0
CassandraWriteRequest	2000	168	337168.5	4000	0.5138475491398834	337168.5	4000	0.5138475491398834	337.0	0	0.0	1516.5	0	0.0	1516.5	0	0.0
CassandraWriteRequest	2000	169	339169.5	3997	0.5134621634780285	339169.5	3990	0.5125629302670337	339.0	0	0.0	1525.5	0	0.0	1525.5	0	0.0
CassandraWriteRequest	2000	170	341170.5	3988	0.5123060064924637	341170.5	3993	0.5129483159288886	341.0	0	0.0	1534.5	0	0.0	1534.5	0	0.0
CassandraWriteRequest	2000	171	343171.5	3981	0.511406773281469	343171.5	3982	0.511535235168754	343.0	0	0.0	1543.5	0	0.0	1543.5	0	0.0
CassandraWriteRequest	2000	172	345172.5	3972	0.5102506162959042	345172.5	3909	0.502157517396951	345.0	0	0.0	1552.5	0	0.0	1552.5	0	0.0
CassandraWriteRequest	2000	173	347173.5	3808	0.489182866781169	347173.5	3861	0.49599134680727247	347.0	0	0.0	1561.5	0	0.0	1561.5	0	0.0
CassandraWriteRequest	2000	174	349174.5	3969	0.5098652306340493	349174.5	3980	0.511278311394184	349.0	0	0.0	1570.5	0	0.0	1570.5	0	0.0
CassandraWriteRequest	2000	175	351175.5	3159	0.40581110193322295	351175.5	3095	0.3975895411469848	351.0	0	0.0	1579.5	0	0.0	1579.5	0	0.0
CassandraWriteRequest	2000	176	353176.5	3882	0.49868904644025686	353176.5	3946	0.506910607226495	353.0	0	0.0	1588.5	0	0.0	1588.5	0	0.0
CassandraWriteRequest	2000	177	355177.5	4000	0.5138475491398834	355177.5	3991	0.5126913921543187	355.0	0	0.0	1597.5	0	0.0	1597.5	0	0.0
CassandraWriteRequest	2000	178	357178.5	3988	0.5123060064924637	357178.5	3993	0.5129483159288886	357.0	0	0.0	1606.5	0	0.0	1606.5	0	0.0
CassandraWriteRequest	2000	179	359179.5	3992	0.5128198540416037	359179.5	3995	0.5132052397034585	359.0	0	0.0	1615.5	0	0.0	1615.5	0	0.0
CassandraWriteRequest	2000	180	361180.5	3859	0.49573442303270254	361180.5	3797	0.4877697860210343	361.0	0	0.0	1624.5	0	0.0	1624.5	0	0.0
CassandraWriteRequest	2000	181	363181.5	3903	0.5013867460732413	363181.5	3902	0.5012582841859563	363.0	0	0.0	1633.5	0	0.0	1633.5	0	0.0
CassandraWriteRequest	2000	182	365182.5	3926	0.5043413694807956	365182.5	3971	0.5101221544086193	365.0	0	0.0	1642.5	0	0.0	1642.5	0	0.0
CassandraWriteRequest	2000	183	367183.5	3949	0.5072959928883499	367183.5	3904	0.5015152079605262	367.0	0	0.0	1651.5	0	0.0	1651.5	0	0.0
CassandraWriteRequest	2000	184	369184.5	3869	0.49701904190555224	369184.5	3933	0.5052406026917904	369.0	0	0.0	1660.5	0	0.0	1660.5	0	0.0
CassandraWriteRequest	2000	185	371185.5	4000	0.5138475491398834	371185.5	3976	0.5107644638450441	371.0	0	0.0	1669.5	0	0.0	1669.5	0	0.0
CassandraWriteRequest	2000	186	373186.5	3865	0.4965051943564123	373186.5	3885	0.4990744321021118	373.0	0	0.0	1678.5	0	0.0	1678.5	0	0.0
CassandraWriteRequest	2000	187	375187.5	3952	0.5076813785502048	375187.5	3935	0.5054975264663603	375.0	0	0.0	1687.5	0	0.0	1687.5	0	0.0
CassandraWriteRequest	2000	188	377188.5	3908	0.5020290555096661	377188.5	3914	0.5027998268333759	377.0	13	0.0016700045347046212	1696.5	0	0.0	1696.5	0	0.0
CassandraWriteRequest	2000	189	379189.5	3970	0.5099936925213343	379189.5	3985	0.5119206208306089	379.0	3	3.853856618549126E-4	1705.5	0	0.0	1705.5	0	0.0
CassandraWriteRequest	2000	190	381190.5	3982	0.511535235168754	381190.5	3919	0.5034421362698007	381.0	3	3.853856618549126E-4	1714.5	0	0.0	1714.5	0	0.0
CassandraWriteRequest	2000	191	383191.5	3920	0.5035705981570857	383191.5	3977	0.5108929257323291	383.0	0	0.0	1723.5	0	0.0	1723.5	0	0.0
CassandraWriteRequest	2000	192	385192.5	3994	0.5130767778161736	385192.5	3979	0.511149849506899	385.0	1	1.2846188728497085E-4	1732.5	0	0.0	1732.5	0	0.0
CassandraWriteRequest	2000	193	387193.5	3929	0.5047267551426505	387193.5	3943	0.5065252215646401	387.0	2	2.569237745699417E-4	1741.5	0	0.0	1741.5	0	0.0
CassandraWriteRequest	2000	194	389194.5	3983	0.5116636970560389	389194.5	3988	0.5123060064924637	389.0	2	2.569237745699417E-4	1750.5	0	0.0	1750.5	0	0.0
CassandraWriteRequest	2000	195	391195.5	3472	0.4460196726534188	391195.5	3414	0.4385688831908905	391.0	0	0.0	1759.5	0	0.0	1759.5	0	0.0
CassandraWriteRequest	2000	196	393196.5	3938	0.5058829121282152	393196.5	3998	0.5135906253653135	393.0	0	0.0	1768.5	0	0.0	1768.5	0	0.0
CassandraWriteRequest	2000	197	395197.5	3987	0.5121775446051788	395197.5	3987	0.5121775446051788	395.0	0	0.0	1777.5	0	0.0	1777.5	0	0.0
CassandraWriteRequest	2000	198	397198.5	3871	0.49727596568012217	397198.5	3871	0.49727596568012217	397.0	0	0.0	1786.5	0	0.0	1786.5	0	0.0
CassandraWriteRequest	2000	199	399199.5	3169	0.40709572080607265	399199.5	3169	0.40709572080607265	399.0	0	0.0	1795.5	0	0.0	1795.5	0	0.0
