'Request type'	'Load'	'Bucket'	'Start time'	'Absolute'	'Percent of requests'	'End time'	'Absolute'	'Percent of requests'	'Residence time'	'Absolute'	'Percent of requests'	'Theor. think time'	'Absolute'	'Percent of requests'	'Actual think time'	'Absolute'	'Percent of requests'
CassandraWriteRequest	500	0	1000.0	987	0.5185348631950574	1000.0	983	0.5164334047829193	1.5	77480	40.70524944311352	34.0	190275	99.96374984239063	34.0	190275	99.96374984239063
CassandraWriteRequest	500	1	3000.0	991	0.5206363216071954	3000.0	994	0.5222124154162989	4.5	40715	21.390219812549912	102.0	0	0.0	102.0	0	0.0
CassandraWriteRequest	500	2	5000.0	949	0.49857100827974615	5000.0	939	0.4933173622494011	7.5	18696	9.822216618333124	170.0	0	0.0	170.0	0	0.0
CassandraWriteRequest	500	3	7000.0	976	0.5127558525616778	7000.0	987	0.5185348631950574	10.5	10825	5.687071827848527	238.0	0	0.0	238.0	0	0.0
CassandraWriteRequest	500	4	9000.0	1000	0.5253646030345059	9000.0	1000	0.5253646030345059	13.5	7180	3.7721178497877528	306.0	0	0.0	306.0	0	0.0
CassandraWriteRequest	500	5	11000.0	938	0.4927919976463666	11000.0	927	0.487012987012987	16.5	5380	2.826461564325642	374.0	0	0.0	374.0	0	0.0
CassandraWriteRequest	500	6	13000.0	989	0.5195855924011265	13000.0	1000	0.5253646030345059	19.5	4022	2.113016433404783	442.0	0	0.0	442.0	0	0.0
CassandraWriteRequest	500	7	15000.0	988	0.5190602277980919	15000.0	963	0.5059261127222292	22.5	3121	1.6396629260706932	510.0	0	0.0	510.0	0	0.0
CassandraWriteRequest	500	8	17000.0	960	0.5043500189131257	17000.0	985	0.5174841339889884	25.5	2396	1.2587735888706764	578.0	0	0.0	578.0	0	0.0
CassandraWriteRequest	500	9	19000.0	1000	0.5253646030345059	19000.0	1000	0.5253646030345059	28.5	2071	1.088030092884462	646.0	0	0.0	646.0	0	0.0
CassandraWriteRequest	500	10	21000.0	1000	0.5253646030345059	21000.0	1000	0.5253646030345059	31.5	1749	0.9188626907073509	714.0	0	0.0	714.0	0	0.0
CassandraWriteRequest	500	11	23000.0	999	0.5248392384314715	23000.0	999	0.5248392384314715	34.5	1376	0.7229016937754802	782.0	0	0.0	782.0	0	0.0
CassandraWriteRequest	500	12	25000.0	999	0.5248392384314715	25000.0	982	0.5159080401798849	37.5	1238	0.6504013785567184	850.0	0	0.0	850.0	0	0.0
CassandraWriteRequest	500	13	27000.0	983	0.5164334047829193	27000.0	1000	0.5253646030345059	40.5	1336	0.7018871096541	918.0	0	0.0	918.0	0	0.0
CassandraWriteRequest	500	14	29000.0	1000	0.5253646030345059	29000.0	1000	0.5253646030345059	43.5	1267	0.6656369520447191	986.0	0	0.0	986.0	0	0.0
CassandraWriteRequest	500	15	31000.0	1000	0.5253646030345059	31000.0	1000	0.5253646030345059	46.5	966	0.5075022065313327	1054.0	0	0.0	1054.0	0	0.0
CassandraWriteRequest	500	16	33000.0	997	0.5237885092254024	33000.0	997	0.5237885092254024	49.5	835	0.4386794435338125	1122.0	0	0.0	1122.0	0	0.0
CassandraWriteRequest	500	17	35000.0	912	0.4791325179674694	35000.0	909	0.4775564241583659	52.5	576	0.30261001134787546	1190.0	0	0.0	1190.0	0	0.0
CassandraWriteRequest	500	18	37000.0	981	0.5153826755768504	37000.0	942	0.4948934560585046	55.5	675	0.35462110704829153	1258.0	0	0.0	1258.0	0	0.0
CassandraWriteRequest	500	19	39000.0	924	0.4854368932038835	39000.0	958	0.5032992897070567	58.5	625	0.3283528768965662	1326.0	0	0.0	1326.0	0	0.0
CassandraWriteRequest	500	20	41000.0	865	0.4544403816248477	41000.0	834	0.43815407893077796	61.5	558	0.2931534484932543	1394.0	0	0.0	1394.0	0	0.0
CassandraWriteRequest	500	21	43000.0	370	0.1943849031227672	43000.0	409	0.21487412264111294	64.5	523	0.2747656873870466	1462.0	0	0.0	1462.0	0	0.0
CassandraWriteRequest	500	22	45000.0	0	0.0	45000.0	0	0.0	67.5	558	0.2931534484932543	1530.0	0	0.0	1530.0	0	0.0
CassandraWriteRequest	500	23	47000.0	0	0.0	47000.0	0	0.0	70.5	590	0.3099651157903585	1598.0	0	0.0	1598.0	0	0.0
CassandraWriteRequest	500	24	49000.0	0	0.0	49000.0	0	0.0	73.5	439	0.23063506073214812	1666.0	0	0.0	1666.0	0	0.0
CassandraWriteRequest	500	25	51000.0	0	0.0	51000.0	0	0.0	76.5	424	0.22275459168663053	1734.0	0	0.0	1734.0	0	0.0
CassandraWriteRequest	500	26	53000.0	0	0.0	53000.0	0	0.0	79.5	423	0.22222922708359602	1802.0	0	0.0	1802.0	0	0.0
CassandraWriteRequest	500	27	55000.0	470	0.24692136342621782	55000.0	464	0.24376917580801077	82.5	374	0.19648636153490523	1870.0	0	0.0	1870.0	0	0.0
CassandraWriteRequest	500	28	57000.0	941	0.4943680914554701	57000.0	906	0.4759803303492624	85.5	353	0.1854537048711806	1938.0	0	0.0	1938.0	0	0.0
CassandraWriteRequest	500	29	59000.0	870	0.4570672046400202	59000.0	908	0.4770310595553314	88.5	296	0.15550792249821377	2006.0	0	0.0	2006.0	0	0.0
CassandraWriteRequest	500	30	61000.0	980	0.5148573109738158	61000.0	956	0.5022485605009877	91.5	345	0.18125078804690456	2074.0	0	0.0	2074.0	0	0.0
CassandraWriteRequest	500	31	63000.0	939	0.4933173622494011	63000.0	966	0.5075022065313327	94.5	313	0.16443912074980035	2142.0	0	0.0	2142.0	0	0.0
CassandraWriteRequest	500	32	65000.0	974	0.5117051233556088	65000.0	954	0.5011978312949187	97.5	287	0.15077964107090322	2210.0	0	0.0	2210.0	0	0.0
CassandraWriteRequest	500	33	67000.0	964	0.5064514773252637	67000.0	981	0.5153826755768504	100.5	319	0.1675913083680074	2278.0	0	0.0	2278.0	0	0.0
CassandraWriteRequest	500	34	69000.0	996	0.5232631446223679	69000.0	996	0.5232631446223679	103.5	248	0.1302904215525575	2346.0	0	0.0	2346.0	0	0.0
CassandraWriteRequest	500	35	71000.0	982	0.5159080401798849	71000.0	984	0.5169587693859539	106.5	208	0.10927583743117725	2414.0	0	0.0	2414.0	0	0.0
CassandraWriteRequest	500	36	73000.0	998	0.524313873828437	73000.0	999	0.5248392384314715	109.5	145	0.07617786744000336	2482.0	0	0.0	2482.0	0	0.0
CassandraWriteRequest	500	37	75000.0	969	0.5090783003404363	75000.0	948	0.49804564367671167	112.5	181	0.09509099314924557	2550.0	0	0.0	2550.0	0	0.0
CassandraWriteRequest	500	38	77000.0	958	0.5032992897070567	77000.0	978	0.5138065817677469	115.5	105	0.05516328331862313	2618.0	0	0.0	2618.0	0	0.0
CassandraWriteRequest	500	39	79000.0	979	0.5143319463707814	79000.0	965	0.5069768419282983	118.5	91	0.04780817887614004	2686.0	0	0.0	2686.0	0	0.0
CassandraWriteRequest	500	40	81000.0	898	0.47177741352498637	81000.0	883	0.4638969444794688	121.5	64	0.03362333459420838	2754.0	0	0.0	2754.0	0	0.0
CassandraWriteRequest	500	41	83000.0	939	0.4933173622494011	83000.0	963	0.5059261127222292	124.5	52	0.027318959357794312	2822.0	0	0.0	2822.0	0	0.0
CassandraWriteRequest	500	42	85000.0	973	0.5111797587525743	85000.0	971	0.5101290295465053	127.5	44	0.02311604253351826	2890.0	0	0.0	2890.0	0	0.0
CassandraWriteRequest	500	43	87000.0	980	0.5148573109738158	87000.0	977	0.5132812171647123	130.5	36	0.018913125709242216	2958.0	0	0.0	2958.0	0	0.0
CassandraWriteRequest	500	44	89000.0	988	0.5190602277980919	89000.0	999	0.5248392384314715	133.5	32	0.01681166729710419	3026.0	0	0.0	3026.0	0	0.0
CassandraWriteRequest	500	45	91000.0	984	0.5169587693859539	91000.0	920	0.4833354347917455	136.5	23	0.012083385869793637	3094.0	0	0.0	3094.0	0	0.0
CassandraWriteRequest	500	46	93000.0	936	0.4917412684402976	93000.0	968	0.5085529357374018	139.5	36	0.018913125709242216	3162.0	0	0.0	3162.0	0	0.0
CassandraWriteRequest	500	47	95000.0	953	0.5006724666918841	95000.0	983	0.5164334047829193	142.5	48	0.025217500945656286	3230.0	0	0.0	3230.0	0	0.0
CassandraWriteRequest	500	48	97000.0	943	0.49541882066153914	97000.0	944	0.4959441852645736	145.5	25	0.01313411507586265	3298.0	0	0.0	3298.0	0	0.0
CassandraWriteRequest	500	49	99000.0	999	0.5248392384314715	99000.0	998	0.524313873828437	148.5	28	0.014710208884966167	3366.0	0	0.0	3366.0	0	0.0
CassandraWriteRequest	500	50	101000.0	969	0.5090783003404363	101000.0	969	0.5090783003404363	151.5	41	0.021539948724414743	3434.0	0	0.0	3434.0	0	0.0
CassandraWriteRequest	500	51	103000.0	952	0.5001471020888497	103000.0	954	0.5011978312949187	154.5	8	0.004202916824276048	3502.0	0	0.0	3502.0	0	0.0
CassandraWriteRequest	500	52	105000.0	1000	0.5253646030345059	105000.0	1000	0.5253646030345059	157.5	23	0.012083385869793637	3570.0	0	0.0	3570.0	0	0.0
CassandraWriteRequest	500	53	107000.0	985	0.5174841339889884	107000.0	985	0.5174841339889884	160.5	20	0.01050729206069012	3638.0	0	0.0	3638.0	0	0.0
CassandraWriteRequest	500	54	109000.0	1000	0.5253646030345059	109000.0	1000	0.5253646030345059	163.5	10	0.00525364603034506	3706.0	0	0.0	3706.0	0	0.0
CassandraWriteRequest	500	55	111000.0	1000	0.5253646030345059	111000.0	1000	0.5253646030345059	166.5	22	0.01155802126675913	3774.0	0	0.0	3774.0	0	0.0
CassandraWriteRequest	500	56	113000.0	1000	0.5253646030345059	113000.0	1000	0.5253646030345059	169.5	13	0.006829739839448578	3842.0	0	0.0	3842.0	0	0.0
CassandraWriteRequest	500	57	115000.0	999	0.5248392384314715	115000.0	999	0.5248392384314715	172.5	19	0.009981927457655613	3910.0	0	0.0	3910.0	0	0.0
CassandraWriteRequest	500	58	117000.0	965	0.5069768419282983	117000.0	965	0.5069768419282983	175.5	21	0.011032656663724626	3978.0	0	0.0	3978.0	0	0.0
CassandraWriteRequest	500	59	119000.0	999	0.5248392384314715	119000.0	999	0.5248392384314715	178.5	17	0.008931198251586602	4046.0	0	0.0	4046.0	0	0.0
CassandraWriteRequest	500	60	121000.0	983	0.5164334047829193	121000.0	959	0.5038246543100913	181.5	18	0.009456562854621108	4114.0	0	0.0	4114.0	0	0.0
CassandraWriteRequest	500	61	123000.0	976	0.5127558525616778	123000.0	1000	0.5253646030345059	184.5	7	0.0036775522212415417	4182.0	0	0.0	4182.0	0	0.0
CassandraWriteRequest	500	62	125000.0	1000	0.5253646030345059	125000.0	1000	0.5253646030345059	187.5	15	0.007880469045517589	4250.0	0	0.0	4250.0	0	0.0
CassandraWriteRequest	500	63	127000.0	1000	0.5253646030345059	127000.0	999	0.5248392384314715	190.5	7	0.0036775522212415417	4318.0	0	0.0	4318.0	0	0.0
CassandraWriteRequest	500	64	129000.0	999	0.5248392384314715	129000.0	998	0.524313873828437	193.5	1	5.25364603034506E-4	4386.0	0	0.0	4386.0	0	0.0
CassandraWriteRequest	500	65	131000.0	962	0.5054007481191948	131000.0	962	0.5054007481191948	196.5	19	0.009981927457655613	4454.0	0	0.0	4454.0	0	0.0
CassandraWriteRequest	500	66	133000.0	986	0.5180094985920228	133000.0	984	0.5169587693859539	199.5	29	0.015235573488000673	4522.0	0	0.0	4522.0	0	0.0
CassandraWriteRequest	500	67	135000.0	991	0.5206363216071954	135000.0	990	0.5201109570041609	202.5	26	0.013659479678897156	4590.0	0	0.0	4590.0	0	0.0
CassandraWriteRequest	500	68	137000.0	992	0.52116168621023	137000.0	997	0.5237885092254024	205.5	3	0.0015760938091035179	4658.0	0	0.0	4658.0	0	0.0
CassandraWriteRequest	500	69	139000.0	1000	0.5253646030345059	139000.0	1000	0.5253646030345059	208.5	7	0.0036775522212415417	4726.0	0	0.0	4726.0	0	0.0
CassandraWriteRequest	500	70	141000.0	1000	0.5253646030345059	141000.0	988	0.5190602277980919	211.5	25	0.01313411507586265	4794.0	0	0.0	4794.0	0	0.0
CassandraWriteRequest	500	71	143000.0	943	0.49541882066153914	143000.0	914	0.48018324717353844	214.5	7	0.0036775522212415417	4862.0	0	0.0	4862.0	0	0.0
CassandraWriteRequest	500	72	145000.0	939	0.4933173622494011	145000.0	969	0.5090783003404363	217.5	7	0.0036775522212415417	4930.0	0	0.0	4930.0	0	0.0
CassandraWriteRequest	500	73	147000.0	978	0.5138065817677469	147000.0	989	0.5195855924011265	220.5	5	0.00262682301517253	4998.0	0	0.0	4998.0	0	0.0
CassandraWriteRequest	500	74	149000.0	1000	0.5253646030345059	149000.0	1000	0.5253646030345059	223.5	18	0.009456562854621108	5066.0	0	0.0	5066.0	0	0.0
CassandraWriteRequest	500	75	151000.0	1000	0.5253646030345059	151000.0	996	0.5232631446223679	226.5	18	0.009456562854621108	5134.0	0	0.0	5134.0	0	0.0
CassandraWriteRequest	500	76	153000.0	969	0.5090783003404363	153000.0	960	0.5043500189131257	229.5	11	0.005779010633379565	5202.0	0	0.0	5202.0	0	0.0
CassandraWriteRequest	500	77	155000.0	982	0.5159080401798849	155000.0	990	0.5201109570041609	232.5	6	0.0031521876182070358	5270.0	0	0.0	5270.0	0	0.0
CassandraWriteRequest	500	78	157000.0	940	0.49384272685243563	157000.0	945	0.49646954986760816	235.5	31	0.016286302694069686	5338.0	0	0.0	5338.0	0	0.0
CassandraWriteRequest	500	79	159000.0	1000	0.5253646030345059	159000.0	995	0.5227377800193335	238.5	9	0.004728281427310554	5406.0	0	0.0	5406.0	0	0.0
CassandraWriteRequest	500	80	161000.0	978	0.5138065817677469	161000.0	978	0.5138065817677469	241.5	7	0.0036775522212415417	5474.0	0	0.0	5474.0	0	0.0
CassandraWriteRequest	500	81	163000.0	987	0.5185348631950574	163000.0	991	0.5206363216071954	244.5	6	0.0031521876182070358	5542.0	0	0.0	5542.0	0	0.0
CassandraWriteRequest	500	82	165000.0	999	0.5248392384314715	165000.0	1000	0.5253646030345059	247.5	2	0.001050729206069012	5610.0	0	0.0	5610.0	0	0.0
CassandraWriteRequest	500	83	167000.0	994	0.5222124154162989	167000.0	994	0.5222124154162989	250.5	5	0.00262682301517253	5678.0	0	0.0	5678.0	0	0.0
CassandraWriteRequest	500	84	169000.0	1000	0.5253646030345059	169000.0	1000	0.5253646030345059	253.5	5	0.00262682301517253	5746.0	0	0.0	5746.0	0	0.0
CassandraWriteRequest	500	85	171000.0	1000	0.5253646030345059	171000.0	1000	0.5253646030345059	256.5	1	5.25364603034506E-4	5814.0	0	0.0	5814.0	0	0.0
CassandraWriteRequest	500	86	173000.0	1000	0.5253646030345059	173000.0	1000	0.5253646030345059	259.5	18	0.009456562854621108	5882.0	0	0.0	5882.0	0	0.0
CassandraWriteRequest	500	87	175000.0	993	0.5216870508132644	175000.0	993	0.5216870508132644	262.5	3	0.0015760938091035179	5950.0	0	0.0	5950.0	0	0.0
CassandraWriteRequest	500	88	177000.0	997	0.5237885092254024	177000.0	997	0.5237885092254024	265.5	7	0.0036775522212415417	6018.0	0	0.0	6018.0	0	0.0
CassandraWriteRequest	500	89	179000.0	999	0.5248392384314715	179000.0	999	0.5248392384314715	268.5	1	5.25364603034506E-4	6086.0	0	0.0	6086.0	0	0.0
CassandraWriteRequest	500	90	181000.0	993	0.5216870508132644	181000.0	991	0.5206363216071954	271.5	2	0.001050729206069012	6154.0	0	0.0	6154.0	0	0.0
CassandraWriteRequest	500	91	183000.0	998	0.524313873828437	183000.0	1000	0.5253646030345059	274.5	0	0.0	6222.0	0	0.0	6222.0	0	0.0
CassandraWriteRequest	500	92	185000.0	1000	0.5253646030345059	185000.0	995	0.5227377800193335	277.5	1	5.25364603034506E-4	6290.0	0	0.0	6290.0	0	0.0
CassandraWriteRequest	500	93	187000.0	993	0.5216870508132644	187000.0	998	0.524313873828437	280.5	6	0.0031521876182070358	6358.0	0	0.0	6358.0	0	0.0
CassandraWriteRequest	500	94	189000.0	1000	0.5253646030345059	189000.0	1000	0.5253646030345059	283.5	0	0.0	6426.0	0	0.0	6426.0	0	0.0
CassandraWriteRequest	500	95	191000.0	999	0.5248392384314715	191000.0	991	0.5206363216071954	286.5	1	5.25364603034506E-4	6494.0	0	0.0	6494.0	0	0.0
CassandraWriteRequest	500	96	193000.0	987	0.5185348631950574	193000.0	974	0.5117051233556088	289.5	1	5.25364603034506E-4	6562.0	0	0.0	6562.0	0	0.0
CassandraWriteRequest	500	97	195000.0	909	0.4775564241583659	195000.0	897	0.4712520489219518	292.5	0	0.0	6630.0	0	0.0	6630.0	0	0.0
CassandraWriteRequest	500	98	197000.0	967	0.5080275711343673	197000.0	1000	0.5253646030345059	295.5	2	0.001050729206069012	6698.0	0	0.0	6698.0	0	0.0
CassandraWriteRequest	500	99	199000.0	998	0.524313873828437	199000.0	998	0.524313873828437	298.5	0	0.0	6766.0	0	0.0	6766.0	0	0.0
CassandraWriteRequest	500	100	201000.0	990	0.5201109570041609	201000.0	976	0.5127558525616778	301.5	9	0.004728281427310554	6834.0	0	0.0	6834.0	0	0.0
CassandraWriteRequest	500	101	203000.0	986	0.5180094985920228	203000.0	1000	0.5253646030345059	304.5	0	0.0	6902.0	0	0.0	6902.0	0	0.0
CassandraWriteRequest	500	102	205000.0	1000	0.5253646030345059	205000.0	1000	0.5253646030345059	307.5	1	5.25364603034506E-4	6970.0	0	0.0	6970.0	0	0.0
CassandraWriteRequest	500	103	207000.0	1000	0.5253646030345059	207000.0	1000	0.5253646030345059	310.5	0	0.0	7038.0	0	0.0	7038.0	0	0.0
CassandraWriteRequest	500	104	209000.0	1000	0.5253646030345059	209000.0	1000	0.5253646030345059	313.5	1	5.25364603034506E-4	7106.0	0	0.0	7106.0	0	0.0
CassandraWriteRequest	500	105	211000.0	968	0.5085529357374018	211000.0	905	0.4754549657462279	316.5	1	5.25364603034506E-4	7174.0	0	0.0	7174.0	0	0.0
CassandraWriteRequest	500	106	213000.0	936	0.4917412684402976	213000.0	999	0.5248392384314715	319.5	1	5.25364603034506E-4	7242.0	0	0.0	7242.0	0	0.0
CassandraWriteRequest	500	107	215000.0	997	0.5237885092254024	215000.0	994	0.5222124154162989	322.5	2	0.001050729206069012	7310.0	0	0.0	7310.0	0	0.0
CassandraWriteRequest	500	108	217000.0	990	0.5201109570041609	217000.0	990	0.5201109570041609	325.5	5	0.00262682301517253	7378.0	0	0.0	7378.0	0	0.0
CassandraWriteRequest	500	109	219000.0	988	0.5190602277980919	219000.0	987	0.5185348631950574	328.5	0	0.0	7446.0	0	0.0	7446.0	0	0.0
CassandraWriteRequest	500	110	221000.0	994	0.5222124154162989	221000.0	998	0.524313873828437	331.5	1	5.25364603034506E-4	7514.0	0	0.0	7514.0	0	0.0
CassandraWriteRequest	500	111	223000.0	1000	0.5253646030345059	223000.0	999	0.5248392384314715	334.5	0	0.0	7582.0	0	0.0	7582.0	0	0.0
CassandraWriteRequest	500	112	225000.0	991	0.5206363216071954	225000.0	989	0.5195855924011265	337.5	0	0.0	7650.0	0	0.0	7650.0	0	0.0
CassandraWriteRequest	500	113	227000.0	991	0.5206363216071954	227000.0	988	0.5190602277980919	340.5	0	0.0	7718.0	0	0.0	7718.0	0	0.0
CassandraWriteRequest	500	114	229000.0	986	0.5180094985920228	229000.0	990	0.5201109570041609	343.5	0	0.0	7786.0	0	0.0	7786.0	0	0.0
CassandraWriteRequest	500	115	231000.0	998	0.524313873828437	231000.0	1000	0.5253646030345059	346.5	0	0.0	7854.0	0	0.0	7854.0	0	0.0
CassandraWriteRequest	500	116	233000.0	995	0.5227377800193335	233000.0	989	0.5195855924011265	349.5	0	0.0	7922.0	0	0.0	7922.0	0	0.0
CassandraWriteRequest	500	117	235000.0	990	0.5201109570041609	235000.0	996	0.5232631446223679	352.5	0	0.0	7990.0	0	0.0	7990.0	0	0.0
CassandraWriteRequest	500	118	237000.0	999	0.5248392384314715	237000.0	999	0.5248392384314715	355.5	0	0.0	8058.0	0	0.0	8058.0	0	0.0
CassandraWriteRequest	500	119	239000.0	1000	0.5253646030345059	239000.0	1000	0.5253646030345059	358.5	1	5.25364603034506E-4	8126.0	0	0.0	8126.0	0	0.0
CassandraWriteRequest	500	120	241000.0	907	0.4765056949522969	241000.0	863	0.45338965241877865	361.5	1	5.25364603034506E-4	8194.0	0	0.0	8194.0	0	0.0
CassandraWriteRequest	500	121	243000.0	956	0.5022485605009877	243000.0	1000	0.5253646030345059	364.5	1	5.25364603034506E-4	8262.0	0	0.0	8262.0	0	0.0
CassandraWriteRequest	500	122	245000.0	994	0.5222124154162989	245000.0	994	0.5222124154162989	367.5	0	0.0	8330.0	0	0.0	8330.0	0	0.0
CassandraWriteRequest	500	123	247000.0	996	0.5232631446223679	247000.0	994	0.5222124154162989	370.5	0	0.0	8398.0	0	0.0	8398.0	0	0.0
CassandraWriteRequest	500	124	249000.0	998	0.524313873828437	249000.0	1000	0.5253646030345059	373.5	0	0.0	8466.0	0	0.0	8466.0	0	0.0
CassandraWriteRequest	500	125	251000.0	974	0.5117051233556088	251000.0	963	0.5059261127222292	376.5	0	0.0	8534.0	0	0.0	8534.0	0	0.0
CassandraWriteRequest	500	126	253000.0	989	0.5195855924011265	253000.0	1000	0.5253646030345059	379.5	4	0.002101458412138024	8602.0	0	0.0	8602.0	0	0.0
CassandraWriteRequest	500	127	255000.0	1000	0.5253646030345059	255000.0	1000	0.5253646030345059	382.5	12	0.0063043752364140716	8670.0	0	0.0	8670.0	0	0.0
CassandraWriteRequest	500	128	257000.0	1000	0.5253646030345059	257000.0	1000	0.5253646030345059	385.5	1	5.25364603034506E-4	8738.0	0	0.0	8738.0	0	0.0
CassandraWriteRequest	500	129	259000.0	1000	0.5253646030345059	259000.0	1000	0.5253646030345059	388.5	0	0.0	8806.0	0	0.0	8806.0	0	0.0
CassandraWriteRequest	500	130	261000.0	1000	0.5253646030345059	261000.0	992	0.52116168621023	391.5	0	0.0	8874.0	0	0.0	8874.0	0	0.0
CassandraWriteRequest	500	131	263000.0	916	0.48123397637960746	263000.0	914	0.48018324717353844	394.5	0	0.0	8942.0	0	0.0	8942.0	0	0.0
CassandraWriteRequest	500	132	265000.0	982	0.5159080401798849	265000.0	985	0.5174841339889884	397.5	0	0.0	9010.0	0	0.0	9010.0	0	0.0
CassandraWriteRequest	500	133	267000.0	989	0.5195855924011265	267000.0	996	0.5232631446223679	400.5	0	0.0	9078.0	0	0.0	9078.0	0	0.0
CassandraWriteRequest	500	134	269000.0	1000	0.5253646030345059	269000.0	1000	0.5253646030345059	403.5	0	0.0	9146.0	0	0.0	9146.0	0	0.0
CassandraWriteRequest	500	135	271000.0	995	0.5227377800193335	271000.0	994	0.5222124154162989	406.5	0	0.0	9214.0	0	0.0	9214.0	0	0.0
CassandraWriteRequest	500	136	273000.0	997	0.5237885092254024	273000.0	998	0.524313873828437	409.5	0	0.0	9282.0	0	0.0	9282.0	0	0.0
CassandraWriteRequest	500	137	275000.0	997	0.5237885092254024	275000.0	994	0.5222124154162989	412.5	0	0.0	9350.0	0	0.0	9350.0	0	0.0
CassandraWriteRequest	500	138	277000.0	988	0.5190602277980919	277000.0	991	0.5206363216071954	415.5	0	0.0	9418.0	0	0.0	9418.0	0	0.0
CassandraWriteRequest	500	139	279000.0	1000	0.5253646030345059	279000.0	996	0.5232631446223679	418.5	0	0.0	9486.0	0	0.0	9486.0	0	0.0
CassandraWriteRequest	500	140	281000.0	971	0.5101290295465053	281000.0	947	0.49752027907367713	421.5	0	0.0	9554.0	0	0.0	9554.0	0	0.0
CassandraWriteRequest	500	141	283000.0	969	0.5090783003404363	283000.0	994	0.5222124154162989	424.5	0	0.0	9622.0	0	0.0	9622.0	0	0.0
CassandraWriteRequest	500	142	285000.0	958	0.5032992897070567	285000.0	952	0.5001471020888497	427.5	1	5.25364603034506E-4	9690.0	0	0.0	9690.0	0	0.0
CassandraWriteRequest	500	143	287000.0	991	0.5206363216071954	287000.0	999	0.5248392384314715	430.5	0	0.0	9758.0	0	0.0	9758.0	0	0.0
CassandraWriteRequest	500	144	289000.0	996	0.5232631446223679	289000.0	997	0.5237885092254024	433.5	0	0.0	9826.0	0	0.0	9826.0	0	0.0
CassandraWriteRequest	500	145	291000.0	1000	0.5253646030345059	291000.0	1000	0.5253646030345059	436.5	0	0.0	9894.0	0	0.0	9894.0	0	0.0
CassandraWriteRequest	500	146	293000.0	1000	0.5253646030345059	293000.0	998	0.524313873828437	439.5	0	0.0	9962.0	0	0.0	9962.0	0	0.0
CassandraWriteRequest	500	147	295000.0	995	0.5227377800193335	295000.0	996	0.5232631446223679	442.5	0	0.0	10030.0	0	0.0	10030.0	0	0.0
CassandraWriteRequest	500	148	297000.0	939	0.4933173622494011	297000.0	940	0.49384272685243563	445.5	0	0.0	10098.0	0	0.0	10098.0	0	0.0
CassandraWriteRequest	500	149	299000.0	1000	0.5253646030345059	299000.0	1000	0.5253646030345059	448.5	0	0.0	10166.0	0	0.0	10166.0	0	0.0
CassandraWriteRequest	500	150	301000.0	998	0.524313873828437	301000.0	987	0.5185348631950574	451.5	0	0.0	10234.0	0	0.0	10234.0	0	0.0
CassandraWriteRequest	500	151	303000.0	989	0.5195855924011265	303000.0	1000	0.5253646030345059	454.5	0	0.0	10302.0	0	0.0	10302.0	0	0.0
CassandraWriteRequest	500	152	305000.0	999	0.5248392384314715	305000.0	997	0.5237885092254024	457.5	0	0.0	10370.0	0	0.0	10370.0	0	0.0
CassandraWriteRequest	500	153	307000.0	979	0.5143319463707814	307000.0	981	0.5153826755768504	460.5	2	0.001050729206069012	10438.0	0	0.0	10438.0	0	0.0
CassandraWriteRequest	500	154	309000.0	1000	0.5253646030345059	309000.0	998	0.524313873828437	463.5	1	5.25364603034506E-4	10506.0	0	0.0	10506.0	0	0.0
CassandraWriteRequest	500	155	311000.0	995	0.5227377800193335	311000.0	955	0.5017231958979532	466.5	0	0.0	10574.0	0	0.0	10574.0	0	0.0
CassandraWriteRequest	500	156	313000.0	957	0.5027739251040222	313000.0	999	0.5248392384314715	469.5	0	0.0	10642.0	0	0.0	10642.0	0	0.0
CassandraWriteRequest	500	157	315000.0	908	0.4770310595553314	315000.0	888	0.4665237674946413	472.5	0	0.0	10710.0	0	0.0	10710.0	0	0.0
CassandraWriteRequest	500	158	317000.0	980	0.5148573109738158	317000.0	1000	0.5253646030345059	475.5	0	0.0	10778.0	0	0.0	10778.0	0	0.0
CassandraWriteRequest	500	159	319000.0	1000	0.5253646030345059	319000.0	1000	0.5253646030345059	478.5	1	5.25364603034506E-4	10846.0	0	0.0	10846.0	0	0.0
CassandraWriteRequest	500	160	321000.0	998	0.524313873828437	321000.0	998	0.524313873828437	481.5	0	0.0	10914.0	0	0.0	10914.0	0	0.0
CassandraWriteRequest	500	161	323000.0	1000	0.5253646030345059	323000.0	1000	0.5253646030345059	484.5	0	0.0	10982.0	0	0.0	10982.0	0	0.0
CassandraWriteRequest	500	162	325000.0	948	0.49804564367671167	325000.0	924	0.4854368932038835	487.5	0	0.0	11050.0	0	0.0	11050.0	0	0.0
CassandraWriteRequest	500	163	327000.0	937	0.49226663304333207	327000.0	961	0.5048753835161602	490.5	0	0.0	11118.0	0	0.0	11118.0	0	0.0
CassandraWriteRequest	500	164	329000.0	1000	0.5253646030345059	329000.0	1000	0.5253646030345059	493.5	0	0.0	11186.0	0	0.0	11186.0	0	0.0
CassandraWriteRequest	500	165	331000.0	1000	0.5253646030345059	331000.0	1000	0.5253646030345059	496.5	0	0.0	11254.0	0	0.0	11254.0	0	0.0
CassandraWriteRequest	500	166	333000.0	1000	0.5253646030345059	333000.0	1000	0.5253646030345059	499.5	0	0.0	11322.0	0	0.0	11322.0	0	0.0
CassandraWriteRequest	500	167	335000.0	999	0.5248392384314715	335000.0	999	0.5248392384314715	502.5	0	0.0	11390.0	0	0.0	11390.0	0	0.0
CassandraWriteRequest	500	168	337000.0	1000	0.5253646030345059	337000.0	1000	0.5253646030345059	505.5	0	0.0	11458.0	0	0.0	11458.0	0	0.0
CassandraWriteRequest	500	169	339000.0	1000	0.5253646030345059	339000.0	1000	0.5253646030345059	508.5	0	0.0	11526.0	0	0.0	11526.0	0	0.0
CassandraWriteRequest	500	170	341000.0	997	0.5237885092254024	341000.0	996	0.5232631446223679	511.5	0	0.0	11594.0	0	0.0	11594.0	0	0.0
CassandraWriteRequest	500	171	343000.0	945	0.49646954986760816	343000.0	946	0.49699491447064265	514.5	1	5.25364603034506E-4	11662.0	0	0.0	11662.0	0	0.0
CassandraWriteRequest	500	172	345000.0	993	0.5216870508132644	345000.0	992	0.52116168621023	517.5	0	0.0	11730.0	0	0.0	11730.0	0	0.0
CassandraWriteRequest	500	173	347000.0	999	0.5248392384314715	347000.0	1000	0.5253646030345059	520.5	0	0.0	11798.0	0	0.0	11798.0	0	0.0
CassandraWriteRequest	500	174	349000.0	1000	0.5253646030345059	349000.0	994	0.5222124154162989	523.5	0	0.0	11866.0	0	0.0	11866.0	0	0.0
CassandraWriteRequest	500	175	351000.0	963	0.5059261127222292	351000.0	968	0.5085529357374018	526.5	0	0.0	11934.0	0	0.0	11934.0	0	0.0
CassandraWriteRequest	500	176	353000.0	938	0.4927919976463666	353000.0	938	0.4927919976463666	529.5	0	0.0	12002.0	0	0.0	12002.0	0	0.0
CassandraWriteRequest	500	177	355000.0	975	0.5122304879586433	355000.0	959	0.5038246543100913	532.5	0	0.0	12070.0	0	0.0	12070.0	0	0.0
CassandraWriteRequest	500	178	357000.0	964	0.5064514773252637	357000.0	978	0.5138065817677469	535.5	0	0.0	12138.0	0	0.0	12138.0	0	0.0
CassandraWriteRequest	500	179	359000.0	993	0.5216870508132644	359000.0	988	0.5190602277980919	538.5	0	0.0	12206.0	0	0.0	12206.0	0	0.0
CassandraWriteRequest	500	180	361000.0	990	0.5201109570041609	361000.0	973	0.5111797587525743	541.5	0	0.0	12274.0	0	0.0	12274.0	0	0.0
CassandraWriteRequest	500	181	363000.0	947	0.49752027907367713	363000.0	971	0.5101290295465053	544.5	0	0.0	12342.0	0	0.0	12342.0	0	0.0
CassandraWriteRequest	500	182	365000.0	995	0.5227377800193335	365000.0	993	0.5216870508132644	547.5	0	0.0	12410.0	0	0.0	12410.0	0	0.0
CassandraWriteRequest	500	183	367000.0	993	0.5216870508132644	367000.0	991	0.5206363216071954	550.5	0	0.0	12478.0	0	0.0	12478.0	0	0.0
CassandraWriteRequest	500	184	369000.0	986	0.5180094985920228	369000.0	991	0.5206363216071954	553.5	0	0.0	12546.0	0	0.0	12546.0	0	0.0
CassandraWriteRequest	500	185	371000.0	999	0.5248392384314715	371000.0	999	0.5248392384314715	556.5	0	0.0	12614.0	0	0.0	12614.0	0	0.0
CassandraWriteRequest	500	186	373000.0	999	0.5248392384314715	373000.0	999	0.5248392384314715	559.5	0	0.0	12682.0	0	0.0	12682.0	0	0.0
CassandraWriteRequest	500	187	375000.0	1000	0.5253646030345059	375000.0	1000	0.5253646030345059	562.5	0	0.0	12750.0	0	0.0	12750.0	0	0.0
CassandraWriteRequest	500	188	377000.0	964	0.5064514773252637	377000.0	964	0.5064514773252637	565.5	0	0.0	12818.0	0	0.0	12818.0	0	0.0
CassandraWriteRequest	500	189	379000.0	1000	0.5253646030345059	379000.0	1000	0.5253646030345059	568.5	0	0.0	12886.0	0	0.0	12886.0	0	0.0
CassandraWriteRequest	500	190	381000.0	998	0.524313873828437	381000.0	982	0.5159080401798849	571.5	0	0.0	12954.0	0	0.0	12954.0	0	0.0
CassandraWriteRequest	500	191	383000.0	984	0.5169587693859539	383000.0	999	0.5248392384314715	574.5	0	0.0	13022.0	0	0.0	13022.0	0	0.0
CassandraWriteRequest	500	192	385000.0	994	0.5222124154162989	385000.0	992	0.52116168621023	577.5	0	0.0	13090.0	0	0.0	13090.0	0	0.0
CassandraWriteRequest	500	193	387000.0	997	0.5237885092254024	387000.0	997	0.5237885092254024	580.5	0	0.0	13158.0	0	0.0	13158.0	0	0.0
CassandraWriteRequest	500	194	389000.0	996	0.5232631446223679	389000.0	998	0.524313873828437	583.5	0	0.0	13226.0	0	0.0	13226.0	0	0.0
CassandraWriteRequest	500	195	391000.0	990	0.5201109570041609	391000.0	987	0.5185348631950574	586.5	0	0.0	13294.0	0	0.0	13294.0	0	0.0
CassandraWriteRequest	500	196	393000.0	996	0.5232631446223679	393000.0	1000	0.5253646030345059	589.5	0	0.0	13362.0	0	0.0	13362.0	0	0.0
CassandraWriteRequest	500	197	395000.0	1000	0.5253646030345059	395000.0	977	0.5132812171647123	592.5	0	0.0	13430.0	0	0.0	13430.0	0	0.0
CassandraWriteRequest	500	198	397000.0	976	0.5127558525616778	397000.0	999	0.5248392384314715	595.5	0	0.0	13498.0	0	0.0	13498.0	0	0.0
CassandraWriteRequest	500	199	399000.0	1000	0.5253646030345059	399000.0	1000	0.5253646030345059	598.5	0	0.0	13566.0	0	0.0	13566.0	0	0.0
