'Request type'	'Load'	'Bucket'	'Start time'	'Absolute'	'Percent of requests'	'End time'	'Absolute'	'Percent of requests'	'Residence time'	'Absolute'	'Percent of requests'	'Theor. think time'	'Absolute'	'Percent of requests'	'Actual think time'	'Absolute'	'Percent of requests'
CassandraWriteRequest	1000	0	1500.0	2922	0.49194735052174704	1500.0	2922	0.49194735052174704	1.5	237710	40.02080927191118	4.0	593966	100.0	4.0	593966	100.0
CassandraWriteRequest	1000	1	4500.0	2925	0.49245242993706706	4500.0	2925	0.49245242993706706	4.5	176131	29.653380833246345	12.0	0	0.0	12.0	0	0.0
CassandraWriteRequest	1000	2	7500.0	3000	0.5050794153200688	7500.0	2989	0.5032274574638952	7.5	80508	13.554311189529367	20.0	0	0.0	20.0	0	0.0
CassandraWriteRequest	1000	3	10500.0	2949	0.4964930652596276	10500.0	2896	0.48756999558897307	10.5	44509	7.493526565493648	28.0	0	0.0	28.0	0	0.0
CassandraWriteRequest	1000	4	13500.0	2917	0.49110555149621354	13500.0	2957	0.4978399437004811	13.5	24541	4.1317179771232695	36.0	0	0.0	36.0	0	0.0
CassandraWriteRequest	1000	5	16500.0	2976	0.5010387799975082	16500.0	3000	0.5050794153200688	16.5	12030	2.025368455433476	44.0	0	0.0	44.0	0	0.0
CassandraWriteRequest	1000	6	19500.0	2984	0.5023856584383618	19500.0	2976	0.5010387799975082	19.5	5768	0.9710993558553856	52.0	0	0.0	52.0	0	0.0
CassandraWriteRequest	1000	7	22500.0	2927	0.4927891495472805	22500.0	2930	0.49329422896260056	22.5	2907	0.48942195344514666	60.0	0	0.0	60.0	0	0.0
CassandraWriteRequest	1000	8	25500.0	2992	0.5037325368792153	25500.0	2997	0.5045743359047488	25.5	1938	0.32628130229676444	68.0	0	0.0	68.0	0	0.0
CassandraWriteRequest	1000	9	28500.0	2915	0.4907688318860002	28500.0	2896	0.48756999558897307	28.5	1160	0.19529737392375993	76.0	0	0.0	76.0	0	0.0
CassandraWriteRequest	1000	10	31500.0	2917	0.49110555149621354	31500.0	2936	0.49430438779324065	31.5	673	0.1133061488368021	84.0	0	0.0	84.0	0	0.0
CassandraWriteRequest	1000	11	34500.0	3000	0.5050794153200688	34500.0	3000	0.5050794153200688	34.5	404	0.0680173612631026	92.0	0	0.0	92.0	0	0.0
CassandraWriteRequest	1000	12	37500.0	3000	0.5050794153200688	37500.0	3000	0.5050794153200688	37.5	244	0.041079792446032264	100.0	0	0.0	100.0	0	0.0
CassandraWriteRequest	1000	13	40500.0	3000	0.5050794153200688	40500.0	3000	0.5050794153200688	40.5	209	0.035187199267298123	108.0	0	0.0	108.0	0	0.0
CassandraWriteRequest	1000	14	43500.0	2981	0.5018805790230417	43500.0	2965	0.49918682214133464	43.5	191	0.03215672277537771	116.0	0	0.0	116.0	0	0.0
CassandraWriteRequest	1000	15	46500.0	2972	0.5003653407770815	46500.0	2962	0.4986817427260146	46.5	143	0.02407545213025661	124.0	0	0.0	124.0	0	0.0
CassandraWriteRequest	1000	16	49500.0	2957	0.4978399437004811	49500.0	2982	0.5020489388281484	49.5	113	0.019024657977055926	132.0	0	0.0	132.0	0	0.0
CassandraWriteRequest	1000	17	52500.0	2982	0.5020489388281484	52500.0	2983	0.502217298633255	52.5	152	0.02559069037621682	140.0	0	0.0	140.0	0	0.0
CassandraWriteRequest	1000	18	55500.0	2991	0.5035641770741086	55500.0	2991	0.5035641770741086	55.5	187	0.031483283554950954	148.0	0	0.0	148.0	0	0.0
CassandraWriteRequest	1000	19	58500.0	2980	0.501712219217935	58500.0	2980	0.501712219217935	58.5	124	0.02087661583322951	156.0	0	0.0	156.0	0	0.0
CassandraWriteRequest	1000	20	61500.0	3000	0.5050794153200688	61500.0	3000	0.5050794153200688	61.5	223	0.037544236538791784	164.0	0	0.0	164.0	0	0.0
CassandraWriteRequest	1000	21	64500.0	3000	0.5050794153200688	64500.0	3000	0.5050794153200688	64.5	224	0.03771259634389847	172.0	0	0.0	172.0	0	0.0
CassandraWriteRequest	1000	22	67500.0	3000	0.5050794153200688	67500.0	3000	0.5050794153200688	67.5	225	0.03788095614900516	180.0	0	0.0	180.0	0	0.0
CassandraWriteRequest	1000	23	70500.0	3000	0.5050794153200688	70500.0	3000	0.5050794153200688	70.5	149	0.02508561096089675	188.0	0	0.0	188.0	0	0.0
CassandraWriteRequest	1000	24	73500.0	3000	0.5050794153200688	73500.0	3000	0.5050794153200688	73.5	150	0.025253970766003442	196.0	0	0.0	196.0	0	0.0
CassandraWriteRequest	1000	25	76500.0	3000	0.5050794153200688	76500.0	3000	0.5050794153200688	76.5	93	0.015657461874922132	204.0	0	0.0	204.0	0	0.0
CassandraWriteRequest	1000	26	79500.0	3000	0.5050794153200688	79500.0	3000	0.5050794153200688	79.5	89	0.014984022654495374	212.0	0	0.0	212.0	0	0.0
CassandraWriteRequest	1000	27	82500.0	3000	0.5050794153200688	82500.0	3000	0.5050794153200688	82.5	76	0.01279534518810841	220.0	0	0.0	220.0	0	0.0
CassandraWriteRequest	1000	28	85500.0	2916	0.4909371916911069	85500.0	2916	0.4909371916911069	85.5	82	0.013805504018748548	228.0	0	0.0	228.0	0	0.0
CassandraWriteRequest	1000	29	88500.0	2998	0.5047426957098554	88500.0	2998	0.5047426957098554	88.5	213	0.03586063848772488	236.0	0	0.0	236.0	0	0.0
CassandraWriteRequest	1000	30	91500.0	3000	0.5050794153200688	91500.0	3000	0.5050794153200688	91.5	177	0.02979968550388406	244.0	0	0.0	244.0	0	0.0
CassandraWriteRequest	1000	31	94500.0	3000	0.5050794153200688	94500.0	3000	0.5050794153200688	94.5	133	0.022391854079189717	252.0	0	0.0	252.0	0	0.0
CassandraWriteRequest	1000	32	97500.0	2675	0.4503624786603947	97500.0	2675	0.4503624786603947	97.5	97	0.01633090109534889	260.0	0	0.0	260.0	0	0.0
CassandraWriteRequest	1000	33	100500.0	3000	0.5050794153200688	100500.0	3000	0.5050794153200688	100.5	108	0.01818285895152248	268.0	0	0.0	268.0	0	0.0
CassandraWriteRequest	1000	34	103500.0	3000	0.5050794153200688	103500.0	3000	0.5050794153200688	103.5	57	0.009596508891081308	276.0	0	0.0	276.0	0	0.0
CassandraWriteRequest	1000	35	106500.0	3000	0.5050794153200688	106500.0	3000	0.5050794153200688	106.5	53	0.008923069670654548	284.0	0	0.0	284.0	0	0.0
CassandraWriteRequest	1000	36	109500.0	3000	0.5050794153200688	109500.0	3000	0.5050794153200688	109.5	170	0.028621166868137232	292.0	0	0.0	292.0	0	0.0
CassandraWriteRequest	1000	37	112500.0	3000	0.5050794153200688	112500.0	3000	0.5050794153200688	112.5	143	0.02407545213025661	300.0	0	0.0	300.0	0	0.0
CassandraWriteRequest	1000	38	115500.0	3000	0.5050794153200688	115500.0	3000	0.5050794153200688	115.5	146	0.02458053154557668	308.0	0	0.0	308.0	0	0.0
CassandraWriteRequest	1000	39	118500.0	2932	0.4936309485728139	118500.0	2877	0.48437115929194596	118.5	116	0.019529737392375995	316.0	0	0.0	316.0	0	0.0
CassandraWriteRequest	1000	40	121500.0	2945	0.4958196260392009	121500.0	3000	0.5050794153200688	121.5	98	0.01649926090045558	324.0	0	0.0	324.0	0	0.0
CassandraWriteRequest	1000	41	124500.0	2857	0.4810039631898122	124500.0	2832	0.47679496806214494	124.5	113	0.019024657977055926	332.0	0	0.0	332.0	0	0.0
CassandraWriteRequest	1000	42	127500.0	2951	0.49682978486984103	127500.0	2975	0.5008704201924016	127.5	153	0.02575905018132351	340.0	0	0.0	340.0	0	0.0
CassandraWriteRequest	1000	43	130500.0	2952	0.4969981446749477	130500.0	2946	0.4959879858443076	130.5	130	0.021886774663869648	348.0	0	0.0	348.0	0	0.0
CassandraWriteRequest	1000	44	133500.0	2938	0.49464110740345407	133500.0	2945	0.4958196260392009	133.5	143	0.02407545213025661	356.0	0	0.0	356.0	0	0.0
CassandraWriteRequest	1000	45	136500.0	3000	0.5050794153200688	136500.0	3000	0.5050794153200688	136.5	23	0.0038722755174538607	364.0	0	0.0	364.0	0	0.0
CassandraWriteRequest	1000	46	139500.0	3000	0.5050794153200688	139500.0	3000	0.5050794153200688	139.5	30	0.005050794153200688	372.0	0	0.0	372.0	0	0.0
CassandraWriteRequest	1000	47	142500.0	3000	0.5050794153200688	142500.0	3000	0.5050794153200688	142.5	39	0.006566032399160895	380.0	0	0.0	380.0	0	0.0
CassandraWriteRequest	1000	48	145500.0	3000	0.5050794153200688	145500.0	3000	0.5050794153200688	145.5	47	0.007912910840014411	388.0	0	0.0	388.0	0	0.0
CassandraWriteRequest	1000	49	148500.0	3000	0.5050794153200688	148500.0	3000	0.5050794153200688	148.5	33	0.005555873568520757	396.0	0	0.0	396.0	0	0.0
CassandraWriteRequest	1000	50	151500.0	3000	0.5050794153200688	151500.0	2995	0.5042376162945353	151.5	8	0.0013468784408535168	404.0	0	0.0	404.0	0	0.0
CassandraWriteRequest	1000	51	154500.0	2966	0.49935518194644135	154500.0	2971	0.5001969809719748	154.5	27	0.00454571473788062	412.0	0	0.0	412.0	0	0.0
CassandraWriteRequest	1000	52	157500.0	3000	0.5050794153200688	157500.0	3000	0.5050794153200688	157.5	37	0.006229312788947515	420.0	0	0.0	420.0	0	0.0
CassandraWriteRequest	1000	53	160500.0	3000	0.5050794153200688	160500.0	3000	0.5050794153200688	160.5	52	0.008754709865547858	428.0	0	0.0	428.0	0	0.0
CassandraWriteRequest	1000	54	163500.0	3000	0.5050794153200688	163500.0	3000	0.5050794153200688	163.5	16	0.0026937568817070336	436.0	0	0.0	436.0	0	0.0
CassandraWriteRequest	1000	55	166500.0	3000	0.5050794153200688	166500.0	3000	0.5050794153200688	166.5	14	0.0023570372714936546	444.0	0	0.0	444.0	0	0.0
CassandraWriteRequest	1000	56	169500.0	3000	0.5050794153200688	169500.0	2941	0.4951461868187741	169.5	22	0.003703915712347171	452.0	0	0.0	452.0	0	0.0
CassandraWriteRequest	1000	57	172500.0	2925	0.49245242993706706	172500.0	2972	0.5003653407770815	172.5	50	0.00841799025533448	460.0	0	0.0	460.0	0	0.0
CassandraWriteRequest	1000	58	175500.0	2922	0.49194735052174704	175500.0	2928	0.49295750935238714	175.5	67	0.011280106942148203	468.0	0	0.0	468.0	0	0.0
CassandraWriteRequest	1000	59	178500.0	2959	0.49817666331069455	178500.0	2954	0.4973348642851611	178.5	39	0.006566032399160895	476.0	0	0.0	476.0	0	0.0
CassandraWriteRequest	1000	60	181500.0	2972	0.5003653407770815	181500.0	2972	0.5003653407770815	181.5	24	0.00404063532256055	484.0	0	0.0	484.0	0	0.0
CassandraWriteRequest	1000	61	184500.0	2896	0.48756999558897307	184500.0	2861	0.48167740241023893	184.5	12	0.002020317661280275	492.0	0	0.0	492.0	0	0.0
CassandraWriteRequest	1000	62	187500.0	2873	0.48369772007151923	187500.0	2888	0.48622311714811955	187.5	13	0.0021886774663869646	500.0	0	0.0	500.0	0	0.0
CassandraWriteRequest	1000	63	190500.0	2968	0.4996919015566547	190500.0	2991	0.5035641770741086	190.5	2	3.367196102133792E-4	508.0	0	0.0	508.0	0	0.0
CassandraWriteRequest	1000	64	193500.0	2904	0.4889168740298266	193500.0	2912	0.4902637524706801	193.5	3	5.050794153200688E-4	516.0	0	0.0	516.0	0	0.0
CassandraWriteRequest	1000	65	196500.0	2993	0.503900896684322	196500.0	2993	0.503900896684322	196.5	15	0.002525397076600344	524.0	0	0.0	524.0	0	0.0
CassandraWriteRequest	1000	66	199500.0	2961	0.4985133829209079	199500.0	2961	0.4985133829209079	199.5	21	0.0035355559072404816	532.0	0	0.0	532.0	0	0.0
CassandraWriteRequest	1000	67	202500.0	3000	0.5050794153200688	202500.0	2944	0.49565126623409417	202.5	49	0.00824963045022779	540.0	0	0.0	540.0	0	0.0
CassandraWriteRequest	1000	68	205500.0	2942	0.4953145466238808	205500.0	2979	0.5015438594128283	205.5	12	0.002020317661280275	548.0	0	0.0	548.0	0	0.0
CassandraWriteRequest	1000	69	208500.0	2970	0.5000286211668681	208500.0	2989	0.5032274574638952	208.5	36	0.006060952983840825	556.0	0	0.0	556.0	0	0.0
CassandraWriteRequest	1000	70	211500.0	3000	0.5050794153200688	211500.0	3000	0.5050794153200688	211.5	25	0.00420899512766724	564.0	0	0.0	564.0	0	0.0
CassandraWriteRequest	1000	71	214500.0	3000	0.5050794153200688	214500.0	3000	0.5050794153200688	214.5	1	1.683598051066896E-4	572.0	0	0.0	572.0	0	0.0
CassandraWriteRequest	1000	72	217500.0	2999	0.5049110555149621	217500.0	2999	0.5049110555149621	217.5	20	0.003367196102133792	580.0	0	0.0	580.0	0	0.0
CassandraWriteRequest	1000	73	220500.0	3000	0.5050794153200688	220500.0	3000	0.5050794153200688	220.5	4	6.734392204267584E-4	588.0	0	0.0	588.0	0	0.0
CassandraWriteRequest	1000	74	223500.0	3000	0.5050794153200688	223500.0	3000	0.5050794153200688	223.5	1	1.683598051066896E-4	596.0	0	0.0	596.0	0	0.0
CassandraWriteRequest	1000	75	226500.0	3000	0.5050794153200688	226500.0	3000	0.5050794153200688	226.5	0	0.0	604.0	0	0.0	604.0	0	0.0
CassandraWriteRequest	1000	76	229500.0	3000	0.5050794153200688	229500.0	3000	0.5050794153200688	229.5	0	0.0	612.0	0	0.0	612.0	0	0.0
CassandraWriteRequest	1000	77	232500.0	3000	0.5050794153200688	232500.0	3000	0.5050794153200688	232.5	0	0.0	620.0	0	0.0	620.0	0	0.0
CassandraWriteRequest	1000	78	235500.0	3000	0.5050794153200688	235500.0	3000	0.5050794153200688	235.5	0	0.0	628.0	0	0.0	628.0	0	0.0
CassandraWriteRequest	1000	79	238500.0	2882	0.4852129583174794	238500.0	2882	0.4852129583174794	238.5	0	0.0	636.0	0	0.0	636.0	0	0.0
CassandraWriteRequest	1000	80	241500.0	2816	0.4741012111804379	241500.0	2765	0.46551486111999674	241.5	0	0.0	644.0	0	0.0	644.0	0	0.0
CassandraWriteRequest	1000	81	244500.0	2898	0.48790671519918644	244500.0	2922	0.49194735052174704	244.5	0	0.0	652.0	0	0.0	652.0	0	0.0
CassandraWriteRequest	1000	82	247500.0	2953	0.4971665044800544	247500.0	2980	0.501712219217935	247.5	0	0.0	660.0	0	0.0	660.0	0	0.0
CassandraWriteRequest	1000	83	250500.0	3000	0.5050794153200688	250500.0	2995	0.5042376162945353	250.5	0	0.0	668.0	0	0.0	668.0	0	0.0
CassandraWriteRequest	1000	84	253500.0	2975	0.5008704201924016	253500.0	2977	0.5012071398026149	253.5	0	0.0	676.0	0	0.0	676.0	0	0.0
CassandraWriteRequest	1000	85	256500.0	2997	0.5045743359047488	256500.0	2997	0.5045743359047488	256.5	0	0.0	684.0	0	0.0	684.0	0	0.0
CassandraWriteRequest	1000	86	259500.0	2997	0.5045743359047488	259500.0	3000	0.5050794153200688	259.5	0	0.0	692.0	0	0.0	692.0	0	0.0
CassandraWriteRequest	1000	87	262500.0	3000	0.5050794153200688	262500.0	3000	0.5050794153200688	262.5	0	0.0	700.0	0	0.0	700.0	0	0.0
CassandraWriteRequest	1000	88	265500.0	2907	0.48942195344514666	265500.0	2907	0.48942195344514666	265.5	8	0.0013468784408535168	708.0	0	0.0	708.0	0	0.0
CassandraWriteRequest	1000	89	268500.0	3000	0.5050794153200688	268500.0	3000	0.5050794153200688	268.5	26	0.004377354932773929	716.0	0	0.0	716.0	0	0.0
CassandraWriteRequest	1000	90	271500.0	3000	0.5050794153200688	271500.0	3000	0.5050794153200688	271.5	25	0.00420899512766724	724.0	0	0.0	724.0	0	0.0
CassandraWriteRequest	1000	91	274500.0	3000	0.5050794153200688	274500.0	3000	0.5050794153200688	274.5	4	6.734392204267584E-4	732.0	0	0.0	732.0	0	0.0
CassandraWriteRequest	1000	92	277500.0	2917	0.49110555149621354	277500.0	2917	0.49110555149621354	277.5	1	1.683598051066896E-4	740.0	0	0.0	740.0	0	0.0
CassandraWriteRequest	1000	93	280500.0	3000	0.5050794153200688	280500.0	3000	0.5050794153200688	280.5	0	0.0	748.0	0	0.0	748.0	0	0.0
CassandraWriteRequest	1000	94	283500.0	3000	0.5050794153200688	283500.0	3000	0.5050794153200688	283.5	0	0.0	756.0	0	0.0	756.0	0	0.0
CassandraWriteRequest	1000	95	286500.0	2942	0.4953145466238808	286500.0	2942	0.4953145466238808	286.5	0	0.0	764.0	0	0.0	764.0	0	0.0
CassandraWriteRequest	1000	96	289500.0	3000	0.5050794153200688	289500.0	3000	0.5050794153200688	289.5	0	0.0	772.0	0	0.0	772.0	0	0.0
CassandraWriteRequest	1000	97	292500.0	3000	0.5050794153200688	292500.0	3000	0.5050794153200688	292.5	0	0.0	780.0	0	0.0	780.0	0	0.0
CassandraWriteRequest	1000	98	295500.0	3000	0.5050794153200688	295500.0	3000	0.5050794153200688	295.5	0	0.0	788.0	0	0.0	788.0	0	0.0
CassandraWriteRequest	1000	99	298500.0	3000	0.5050794153200688	298500.0	2993	0.503900896684322	298.5	0	0.0	796.0	0	0.0	796.0	0	0.0
CassandraWriteRequest	1000	100	301500.0	2993	0.503900896684322	301500.0	3000	0.5050794153200688	301.5	0	0.0	804.0	0	0.0	804.0	0	0.0
CassandraWriteRequest	1000	101	304500.0	3000	0.5050794153200688	304500.0	3000	0.5050794153200688	304.5	0	0.0	812.0	0	0.0	812.0	0	0.0
CassandraWriteRequest	1000	102	307500.0	3000	0.5050794153200688	307500.0	3000	0.5050794153200688	307.5	0	0.0	820.0	0	0.0	820.0	0	0.0
CassandraWriteRequest	1000	103	310500.0	3000	0.5050794153200688	310500.0	3000	0.5050794153200688	310.5	0	0.0	828.0	0	0.0	828.0	0	0.0
CassandraWriteRequest	1000	104	313500.0	2987	0.5028907378536819	313500.0	2986	0.5027223780485751	313.5	0	0.0	836.0	0	0.0	836.0	0	0.0
CassandraWriteRequest	1000	105	316500.0	2999	0.5049110555149621	316500.0	2971	0.5001969809719748	316.5	0	0.0	844.0	0	0.0	844.0	0	0.0
CassandraWriteRequest	1000	106	319500.0	2969	0.4998602613617614	319500.0	2998	0.5047426957098554	319.5	0	0.0	852.0	0	0.0	852.0	0	0.0
CassandraWriteRequest	1000	107	322500.0	3000	0.5050794153200688	322500.0	3000	0.5050794153200688	322.5	0	0.0	860.0	0	0.0	860.0	0	0.0
CassandraWriteRequest	1000	108	325500.0	2990	0.503395817269002	325500.0	2990	0.503395817269002	325.5	0	0.0	868.0	0	0.0	868.0	0	0.0
CassandraWriteRequest	1000	109	328500.0	2896	0.48756999558897307	328500.0	2896	0.48756999558897307	328.5	0	0.0	876.0	0	0.0	876.0	0	0.0
CassandraWriteRequest	1000	110	331500.0	2977	0.5012071398026149	331500.0	2977	0.5012071398026149	331.5	29	0.004882434348093999	884.0	0	0.0	884.0	0	0.0
CassandraWriteRequest	1000	111	334500.0	3000	0.5050794153200688	334500.0	3000	0.5050794153200688	334.5	11	0.0018519578561735856	892.0	0	0.0	892.0	0	0.0
CassandraWriteRequest	1000	112	337500.0	2976	0.5010387799975082	337500.0	2976	0.5010387799975082	337.5	6	0.0010101588306401376	900.0	0	0.0	900.0	0	0.0
CassandraWriteRequest	1000	113	340500.0	2952	0.4969981446749477	340500.0	2949	0.4964930652596276	340.5	1	1.683598051066896E-4	908.0	0	0.0	908.0	0	0.0
CassandraWriteRequest	1000	114	343500.0	2996	0.504405976099642	343500.0	2999	0.5049110555149621	343.5	0	0.0	916.0	0	0.0	916.0	0	0.0
CassandraWriteRequest	1000	115	346500.0	2994	0.5040692564894287	346500.0	2962	0.4986817427260146	346.5	1	1.683598051066896E-4	924.0	0	0.0	924.0	0	0.0
CassandraWriteRequest	1000	116	349500.0	2968	0.4996919015566547	349500.0	2990	0.503395817269002	349.5	2	3.367196102133792E-4	932.0	0	0.0	932.0	0	0.0
CassandraWriteRequest	1000	117	352500.0	2984	0.5023856584383618	352500.0	2982	0.5020489388281484	352.5	0	0.0	940.0	0	0.0	940.0	0	0.0
CassandraWriteRequest	1000	118	355500.0	2987	0.5028907378536819	355500.0	2999	0.5049110555149621	355.5	1	1.683598051066896E-4	948.0	0	0.0	948.0	0	0.0
CassandraWriteRequest	1000	119	358500.0	3000	0.5050794153200688	358500.0	3000	0.5050794153200688	358.5	0	0.0	956.0	0	0.0	956.0	0	0.0
CassandraWriteRequest	1000	120	361500.0	2983	0.502217298633255	361500.0	2983	0.502217298633255	361.5	0	0.0	964.0	0	0.0	964.0	0	0.0
CassandraWriteRequest	1000	121	364500.0	2895	0.4874016357838664	364500.0	2895	0.4874016357838664	364.5	1	1.683598051066896E-4	972.0	0	0.0	972.0	0	0.0
CassandraWriteRequest	1000	122	367500.0	3000	0.5050794153200688	367500.0	3000	0.5050794153200688	367.5	0	0.0	980.0	0	0.0	980.0	0	0.0
CassandraWriteRequest	1000	123	370500.0	3000	0.5050794153200688	370500.0	3000	0.5050794153200688	370.5	0	0.0	988.0	0	0.0	988.0	0	0.0
CassandraWriteRequest	1000	124	373500.0	2967	0.49952354175154806	373500.0	2952	0.4969981446749477	373.5	0	0.0	996.0	0	0.0	996.0	0	0.0
CassandraWriteRequest	1000	125	376500.0	2945	0.4958196260392009	376500.0	2925	0.49245242993706706	376.5	2	3.367196102133792E-4	1004.0	0	0.0	1004.0	0	0.0
CassandraWriteRequest	1000	126	379500.0	2916	0.4909371916911069	379500.0	2951	0.49682978486984103	379.5	21	0.0035355559072404816	1012.0	0	0.0	1012.0	0	0.0
CassandraWriteRequest	1000	127	382500.0	2876	0.4842027994868393	382500.0	2875	0.4840344396817326	382.5	7	0.0011785186357468273	1020.0	0	0.0	1020.0	0	0.0
CassandraWriteRequest	1000	128	385500.0	2981	0.5018805790230417	385500.0	2982	0.5020489388281484	385.5	2	3.367196102133792E-4	1028.0	0	0.0	1028.0	0	0.0
CassandraWriteRequest	1000	129	388500.0	2969	0.4998602613617614	388500.0	2969	0.4998602613617614	388.5	0	0.0	1036.0	0	0.0	1036.0	0	0.0
CassandraWriteRequest	1000	130	391500.0	3000	0.5050794153200688	391500.0	3000	0.5050794153200688	391.5	0	0.0	1044.0	0	0.0	1044.0	0	0.0
CassandraWriteRequest	1000	131	394500.0	3000	0.5050794153200688	394500.0	3000	0.5050794153200688	394.5	0	0.0	1052.0	0	0.0	1052.0	0	0.0
CassandraWriteRequest	1000	132	397500.0	3000	0.5050794153200688	397500.0	3000	0.5050794153200688	397.5	0	0.0	1060.0	0	0.0	1060.0	0	0.0
CassandraWriteRequest	1000	133	400500.0	3000	0.5050794153200688	400500.0	3000	0.5050794153200688	400.5	0	0.0	1068.0	0	0.0	1068.0	0	0.0
CassandraWriteRequest	1000	134	403500.0	3000	0.5050794153200688	403500.0	3000	0.5050794153200688	403.5	0	0.0	1076.0	0	0.0	1076.0	0	0.0
CassandraWriteRequest	1000	135	406500.0	3000	0.5050794153200688	406500.0	3000	0.5050794153200688	406.5	0	0.0	1084.0	0	0.0	1084.0	0	0.0
CassandraWriteRequest	1000	136	409500.0	3000	0.5050794153200688	409500.0	2977	0.5012071398026149	409.5	0	0.0	1092.0	0	0.0	1092.0	0	0.0
CassandraWriteRequest	1000	137	412500.0	2977	0.5012071398026149	412500.0	3000	0.5050794153200688	412.5	0	0.0	1100.0	0	0.0	1100.0	0	0.0
CassandraWriteRequest	1000	138	415500.0	3000	0.5050794153200688	415500.0	3000	0.5050794153200688	415.5	0	0.0	1108.0	0	0.0	1108.0	0	0.0
CassandraWriteRequest	1000	139	418500.0	3000	0.5050794153200688	418500.0	3000	0.5050794153200688	418.5	0	0.0	1116.0	0	0.0	1116.0	0	0.0
CassandraWriteRequest	1000	140	421500.0	2985	0.5025540182434685	421500.0	2976	0.5010387799975082	421.5	0	0.0	1124.0	0	0.0	1124.0	0	0.0
CassandraWriteRequest	1000	141	424500.0	2970	0.5000286211668681	424500.0	2979	0.5015438594128283	424.5	0	0.0	1132.0	0	0.0	1132.0	0	0.0
CassandraWriteRequest	1000	142	427500.0	2977	0.5012071398026149	427500.0	2977	0.5012071398026149	427.5	0	0.0	1140.0	0	0.0	1140.0	0	0.0
CassandraWriteRequest	1000	143	430500.0	3000	0.5050794153200688	430500.0	2941	0.4951461868187741	430.5	0	0.0	1148.0	0	0.0	1148.0	0	0.0
CassandraWriteRequest	1000	144	433500.0	2831	0.4766266082570383	433500.0	2880	0.48487623870726604	433.5	0	0.0	1156.0	0	0.0	1156.0	0	0.0
CassandraWriteRequest	1000	145	436500.0	2968	0.4996919015566547	436500.0	2958	0.49800830350558783	436.5	0	0.0	1164.0	0	0.0	1164.0	0	0.0
CassandraWriteRequest	1000	146	439500.0	2980	0.501712219217935	439500.0	3000	0.5050794153200688	439.5	0	0.0	1172.0	0	0.0	1172.0	0	0.0
CassandraWriteRequest	1000	147	442500.0	2986	0.5027223780485751	442500.0	2986	0.5027223780485751	442.5	0	0.0	1180.0	0	0.0	1180.0	0	0.0
CassandraWriteRequest	1000	148	445500.0	3000	0.5050794153200688	445500.0	3000	0.5050794153200688	445.5	0	0.0	1188.0	0	0.0	1188.0	0	0.0
CassandraWriteRequest	1000	149	448500.0	2717	0.45743359047487564	448500.0	2717	0.45743359047487564	448.5	0	0.0	1196.0	0	0.0	1196.0	0	0.0
CassandraWriteRequest	1000	150	451500.0	3000	0.5050794153200688	451500.0	3000	0.5050794153200688	451.5	0	0.0	1204.0	0	0.0	1204.0	0	0.0
CassandraWriteRequest	1000	151	454500.0	3000	0.5050794153200688	454500.0	3000	0.5050794153200688	454.5	0	0.0	1212.0	0	0.0	1212.0	0	0.0
CassandraWriteRequest	1000	152	457500.0	2971	0.5001969809719748	457500.0	2971	0.5001969809719748	457.5	0	0.0	1220.0	0	0.0	1220.0	0	0.0
CassandraWriteRequest	1000	153	460500.0	2979	0.5015438594128283	460500.0	2972	0.5003653407770815	460.5	10	0.001683598051066896	1228.0	0	0.0	1228.0	0	0.0
CassandraWriteRequest	1000	154	463500.0	2962	0.4986817427260146	463500.0	2969	0.4998602613617614	463.5	25	0.00420899512766724	1236.0	0	0.0	1236.0	0	0.0
CassandraWriteRequest	1000	155	466500.0	2971	0.5001969809719748	466500.0	2971	0.5001969809719748	466.5	13	0.0021886774663869646	1244.0	0	0.0	1244.0	0	0.0
CassandraWriteRequest	1000	156	469500.0	3000	0.5050794153200688	469500.0	3000	0.5050794153200688	469.5	2	3.367196102133792E-4	1252.0	0	0.0	1252.0	0	0.0
CassandraWriteRequest	1000	157	472500.0	2446	0.41180808329096275	472500.0	2446	0.41180808329096275	472.5	2	3.367196102133792E-4	1260.0	0	0.0	1260.0	0	0.0
CassandraWriteRequest	1000	158	475500.0	3000	0.5050794153200688	475500.0	3000	0.5050794153200688	475.5	1	1.683598051066896E-4	1268.0	0	0.0	1268.0	0	0.0
CassandraWriteRequest	1000	159	478500.0	3000	0.5050794153200688	478500.0	3000	0.5050794153200688	478.5	1	1.683598051066896E-4	1276.0	0	0.0	1276.0	0	0.0
CassandraWriteRequest	1000	160	481500.0	3000	0.5050794153200688	481500.0	3000	0.5050794153200688	481.5	2	3.367196102133792E-4	1284.0	0	0.0	1284.0	0	0.0
CassandraWriteRequest	1000	161	484500.0	3000	0.5050794153200688	484500.0	3000	0.5050794153200688	484.5	2	3.367196102133792E-4	1292.0	0	0.0	1292.0	0	0.0
CassandraWriteRequest	1000	162	487500.0	3000	0.5050794153200688	487500.0	3000	0.5050794153200688	487.5	1	1.683598051066896E-4	1300.0	0	0.0	1300.0	0	0.0
CassandraWriteRequest	1000	163	490500.0	3000	0.5050794153200688	490500.0	3000	0.5050794153200688	490.5	0	0.0	1308.0	0	0.0	1308.0	0	0.0
CassandraWriteRequest	1000	164	493500.0	3000	0.5050794153200688	493500.0	3000	0.5050794153200688	493.5	2	3.367196102133792E-4	1316.0	0	0.0	1316.0	0	0.0
CassandraWriteRequest	1000	165	496500.0	3000	0.5050794153200688	496500.0	3000	0.5050794153200688	496.5	3	5.050794153200688E-4	1324.0	0	0.0	1324.0	0	0.0
CassandraWriteRequest	1000	166	499500.0	2973	0.5005337005821882	499500.0	2926	0.49262078974217377	499.5	0	0.0	1332.0	0	0.0	1332.0	0	0.0
CassandraWriteRequest	1000	167	502500.0	2852	0.48016216416427876	502500.0	2893	0.487064916173653	502.5	1	1.683598051066896E-4	1340.0	0	0.0	1340.0	0	0.0
CassandraWriteRequest	1000	168	505500.0	2994	0.5040692564894287	505500.0	2997	0.5045743359047488	505.5	1	1.683598051066896E-4	1348.0	0	0.0	1348.0	0	0.0
CassandraWriteRequest	1000	169	508500.0	2997	0.5045743359047488	508500.0	3000	0.5050794153200688	508.5	1	1.683598051066896E-4	1356.0	0	0.0	1356.0	0	0.0
CassandraWriteRequest	1000	170	511500.0	3000	0.5050794153200688	511500.0	3000	0.5050794153200688	511.5	0	0.0	1364.0	0	0.0	1364.0	0	0.0
CassandraWriteRequest	1000	171	514500.0	3000	0.5050794153200688	514500.0	3000	0.5050794153200688	514.5	0	0.0	1372.0	0	0.0	1372.0	0	0.0
CassandraWriteRequest	1000	172	517500.0	3000	0.5050794153200688	517500.0	3000	0.5050794153200688	517.5	0	0.0	1380.0	0	0.0	1380.0	0	0.0
CassandraWriteRequest	1000	173	520500.0	3000	0.5050794153200688	520500.0	3000	0.5050794153200688	520.5	1	1.683598051066896E-4	1388.0	0	0.0	1388.0	0	0.0
CassandraWriteRequest	1000	174	523500.0	2920	0.4916106309115336	523500.0	2915	0.4907688318860002	523.5	1	1.683598051066896E-4	1396.0	0	0.0	1396.0	0	0.0
CassandraWriteRequest	1000	175	526500.0	2995	0.5042376162945353	526500.0	3000	0.5050794153200688	526.5	1	1.683598051066896E-4	1404.0	0	0.0	1404.0	0	0.0
CassandraWriteRequest	1000	176	529500.0	3000	0.5050794153200688	529500.0	3000	0.5050794153200688	529.5	0	0.0	1412.0	0	0.0	1412.0	0	0.0
CassandraWriteRequest	1000	177	532500.0	3000	0.5050794153200688	532500.0	2988	0.5030590976587885	532.5	1	1.683598051066896E-4	1420.0	0	0.0	1420.0	0	0.0
CassandraWriteRequest	1000	178	535500.0	2944	0.49565126623409417	535500.0	2956	0.49767158389537447	535.5	1	1.683598051066896E-4	1428.0	0	0.0	1428.0	0	0.0
CassandraWriteRequest	1000	179	538500.0	2996	0.504405976099642	538500.0	2996	0.504405976099642	538.5	1	1.683598051066896E-4	1436.0	0	0.0	1436.0	0	0.0
CassandraWriteRequest	1000	180	541500.0	2939	0.4948094672085607	541500.0	2906	0.48925359364004	541.5	0	0.0	1444.0	0	0.0	1444.0	0	0.0
CassandraWriteRequest	1000	181	544500.0	2946	0.4959879858443076	544500.0	2979	0.5015438594128283	544.5	0	0.0	1452.0	0	0.0	1452.0	0	0.0
CassandraWriteRequest	1000	182	547500.0	2932	0.4936309485728139	547500.0	2920	0.4916106309115336	547.5	0	0.0	1460.0	0	0.0	1460.0	0	0.0
CassandraWriteRequest	1000	183	550500.0	2974	0.5007020603872949	550500.0	2961	0.4985133829209079	550.5	0	0.0	1468.0	0	0.0	1468.0	0	0.0
CassandraWriteRequest	1000	184	553500.0	2800	0.4714074542987309	553500.0	2825	0.47561644942639814	553.5	0	0.0	1476.0	0	0.0	1476.0	0	0.0
CassandraWriteRequest	1000	185	556500.0	2933	0.4937993083779206	556500.0	2933	0.4937993083779206	556.5	0	0.0	1484.0	0	0.0	1484.0	0	0.0
CassandraWriteRequest	1000	186	559500.0	3000	0.5050794153200688	559500.0	3000	0.5050794153200688	559.5	0	0.0	1492.0	0	0.0	1492.0	0	0.0
CassandraWriteRequest	1000	187	562500.0	3000	0.5050794153200688	562500.0	3000	0.5050794153200688	562.5	0	0.0	1500.0	0	0.0	1500.0	0	0.0
CassandraWriteRequest	1000	188	565500.0	2996	0.504405976099642	565500.0	2989	0.5032274574638952	565.5	0	0.0	1508.0	0	0.0	1508.0	0	0.0
CassandraWriteRequest	1000	189	568500.0	2982	0.5020489388281484	568500.0	2983	0.502217298633255	568.5	0	0.0	1516.0	0	0.0	1516.0	0	0.0
CassandraWriteRequest	1000	190	571500.0	2963	0.4988501025311213	571500.0	2969	0.4998602613617614	571.5	0	0.0	1524.0	0	0.0	1524.0	0	0.0
CassandraWriteRequest	1000	191	574500.0	2992	0.5037325368792153	574500.0	2985	0.5025540182434685	574.5	0	0.0	1532.0	0	0.0	1532.0	0	0.0
CassandraWriteRequest	1000	192	577500.0	2969	0.4998602613617614	577500.0	2972	0.5003653407770815	577.5	0	0.0	1540.0	0	0.0	1540.0	0	0.0
CassandraWriteRequest	1000	193	580500.0	2996	0.504405976099642	580500.0	3000	0.5050794153200688	580.5	0	0.0	1548.0	0	0.0	1548.0	0	0.0
CassandraWriteRequest	1000	194	583500.0	3000	0.5050794153200688	583500.0	3000	0.5050794153200688	583.5	0	0.0	1556.0	0	0.0	1556.0	0	0.0
CassandraWriteRequest	1000	195	586500.0	3000	0.5050794153200688	586500.0	3000	0.5050794153200688	586.5	0	0.0	1564.0	0	0.0	1564.0	0	0.0
CassandraWriteRequest	1000	196	589500.0	3000	0.5050794153200688	589500.0	3000	0.5050794153200688	589.5	0	0.0	1572.0	0	0.0	1572.0	0	0.0
CassandraWriteRequest	1000	197	592500.0	3000	0.5050794153200688	592500.0	3000	0.5050794153200688	592.5	0	0.0	1580.0	0	0.0	1580.0	0	0.0
CassandraWriteRequest	1000	198	595500.0	3000	0.5050794153200688	595500.0	3000	0.5050794153200688	595.5	0	0.0	1588.0	0	0.0	1588.0	0	0.0
CassandraWriteRequest	1000	199	598500.0	2968	0.4996919015566547	598500.0	2968	0.4996919015566547	598.5	0	0.0	1596.0	0	0.0	1596.0	0	0.0
