'Request type'	'Load'	'Bucket'	'Start time'	'Absolute'	'Percent of requests'	'End time'	'Absolute'	'Percent of requests'	'Residence time'	'Absolute'	'Percent of requests'	'Theor. think time'	'Absolute'	'Percent of requests'	'Actual think time'	'Absolute'	'Percent of requests'
CassandraWriteRequest	2000	0	1000.0	3996	0.5169643480893278	1000.0	3996	0.5169643480893278	1.5	238304	30.82949749926906	4.0	772974	100.00000000000001	4.0	772974	100.00000000000001
CassandraWriteRequest	2000	1	3000.0	3981	0.5150237912271306	3000.0	3981	0.5150237912271306	4.5	192761	24.937578754265992	12.0	0	0.0	12.0	0	0.0
CassandraWriteRequest	2000	2	5000.0	3497	0.4524084898069017	5000.0	3433	0.44412878052819377	7.5	113979	14.745515373091465	20.0	0	0.0	20.0	0	0.0
CassandraWriteRequest	2000	3	7000.0	3895	0.5038979318838668	7000.0	3951	0.5111426775027362	10.5	68906	8.914400743103908	28.0	0	0.0	28.0	0	0.0
CassandraWriteRequest	2000	4	9000.0	3988	0.5159293844294893	9000.0	3990	0.5161881253444489	13.5	40936	5.295909047393574	36.0	0	0.0	36.0	0	0.0
CassandraWriteRequest	2000	5	11000.0	3929	0.5082965274381804	11000.0	3910	0.505838488746064	16.5	25903	3.3510829600995637	44.0	0	0.0	44.0	0	0.0
CassandraWriteRequest	2000	6	13000.0	3972	0.5138594571098123	13000.0	3972	0.5138594571098123	19.5	18242	2.359975885346726	52.0	0	0.0	52.0	0	0.0
CassandraWriteRequest	2000	7	15000.0	3919	0.5070028228633823	15000.0	3943	0.5101077138428978	22.5	13009	1.682980281354871	60.0	0	0.0	60.0	0	0.0
CassandraWriteRequest	2000	8	17000.0	3968	0.513341975279893	17000.0	3921	0.5072615637783419	25.5	9389	1.2146592252779524	68.0	0	0.0	68.0	0	0.0
CassandraWriteRequest	2000	9	19000.0	3824	0.49471262940280014	19000.0	3819	0.49406577711540106	28.5	7120	0.9211176572562597	76.0	0	0.0	76.0	0	0.0
CassandraWriteRequest	2000	10	21000.0	3947	0.510625195672817	21000.0	3999	0.5173524594617672	31.5	5515	0.7134780730011618	84.0	0	0.0	84.0	0	0.0
CassandraWriteRequest	2000	11	23000.0	3996	0.5169643480893278	23000.0	3997	0.5170937185468075	34.5	4405	0.5698768651985707	92.0	0	0.0	92.0	0	0.0
CassandraWriteRequest	2000	12	25000.0	3207	0.4148910571377563	25000.0	3156	0.4082931638062859	37.5	3702	0.47892943359026313	100.0	0	0.0	100.0	0	0.0
CassandraWriteRequest	2000	13	27000.0	3921	0.5072615637783419	27000.0	3959	0.5121776411625747	40.5	3100	0.40104841818741643	108.0	0	0.0	108.0	0	0.0
CassandraWriteRequest	2000	14	29000.0	3975	0.5142475684822517	29000.0	3981	0.5150237912271306	43.5	3150	0.407516941061407	116.0	0	0.0	116.0	0	0.0
CassandraWriteRequest	2000	15	31000.0	3992	0.5164468662594085	31000.0	3996	0.5169643480893278	46.5	2557	0.3308002597758787	124.0	0	0.0	124.0	0	0.0
CassandraWriteRequest	2000	16	33000.0	3995	0.5168349776318479	33000.0	3997	0.5170937185468075	49.5	2091	0.2705136265902864	132.0	0	0.0	132.0	0	0.0
CassandraWriteRequest	2000	17	35000.0	3252	0.4207127277243478	35000.0	3190	0.4126917593605995	52.5	1673	0.21643677536372508	140.0	0	0.0	140.0	0	0.0
CassandraWriteRequest	2000	18	37000.0	3873	0.5010517818193109	37000.0	3931	0.50855526835314	55.5	1692	0.2188948140558415	148.0	0	0.0	148.0	0	0.0
CassandraWriteRequest	2000	19	39000.0	3962	0.5125657525350141	39000.0	3966	0.5130832343649334	58.5	1466	0.18965709066540404	156.0	0	0.0	156.0	0	0.0
CassandraWriteRequest	2000	20	41000.0	3999	0.5173524594617672	41000.0	3994	0.5167056071743682	61.5	1413	0.182800456418974	164.0	0	0.0	164.0	0	0.0
CassandraWriteRequest	2000	21	43000.0	3970	0.5136007161948527	43000.0	3971	0.5137300866523324	64.5	1093	0.14140191002543426	172.0	0	0.0	172.0	0	0.0
CassandraWriteRequest	2000	22	45000.0	3106	0.4018246409322953	45000.0	3051	0.39470926577090565	67.5	995	0.1287236051924127	180.0	0	0.0	180.0	0	0.0
CassandraWriteRequest	2000	23	47000.0	3926	0.507908416065741	47000.0	3981	0.5150237912271306	70.5	842	0.1089299251980015	188.0	0	0.0	188.0	0	0.0
CassandraWriteRequest	2000	24	49000.0	3993	0.5165762367168883	49000.0	3992	0.5164468662594085	73.5	730	0.09444043396026258	196.0	0	0.0	196.0	0	0.0
CassandraWriteRequest	2000	25	51000.0	3991	0.5163174958019288	51000.0	3996	0.5169643480893278	76.5	652	0.08434953827683726	204.0	0	0.0	204.0	0	0.0
CassandraWriteRequest	2000	26	53000.0	3999	0.5173524594617672	53000.0	3996	0.5169643480893278	79.5	666	0.08616072468155463	212.0	0	0.0	212.0	0	0.0
CassandraWriteRequest	2000	27	55000.0	3395	0.4392127031439609	55000.0	3346	0.43287355072745015	82.5	695	0.08991246794846917	220.0	0	0.0	220.0	0	0.0
CassandraWriteRequest	2000	28	57000.0	3855	0.4987231135846743	57000.0	3898	0.5042860432563062	85.5	642	0.08305583370203914	228.0	0	0.0	228.0	0	0.0
CassandraWriteRequest	2000	29	59000.0	3944	0.5102370843003775	59000.0	3943	0.5101077138428978	88.5	584	0.07555234716821006	236.0	0	0.0	236.0	0	0.0
CassandraWriteRequest	2000	30	61000.0	3988	0.5159293844294893	61000.0	3995	0.5168349776318479	91.5	419	0.05420622168404113	244.0	0	0.0	244.0	0	0.0
CassandraWriteRequest	2000	31	63000.0	3996	0.5169643480893278	63000.0	3996	0.5169643480893278	94.5	464	0.060027892270632655	252.0	0	0.0	252.0	0	0.0
CassandraWriteRequest	2000	32	65000.0	3606	0.4665098696722012	65000.0	3580	0.46314623777772607	97.5	447	0.057828594493475854	260.0	0	0.0	260.0	0	0.0
CassandraWriteRequest	2000	33	67000.0	3967	0.5132126048224133	67000.0	3993	0.5165762367168883	100.5	471	0.060933485472991336	268.0	0	0.0	268.0	0	0.0
CassandraWriteRequest	2000	34	69000.0	3991	0.5163174958019288	69000.0	3990	0.5161881253444489	103.5	444	0.05744048312103642	276.0	0	0.0	276.0	0	0.0
CassandraWriteRequest	2000	35	71000.0	3995	0.5168349776318479	71000.0	3999	0.5173524594617672	106.5	321	0.04152791685101957	284.0	0	0.0	284.0	0	0.0
CassandraWriteRequest	2000	36	73000.0	3999	0.5173524594617672	73000.0	4000	0.517481829919247	109.5	352	0.045538401032893736	292.0	0	0.0	292.0	0	0.0
CassandraWriteRequest	2000	37	75000.0	3392	0.43882459177152144	75000.0	3359	0.4345553666746877	112.5	331	0.04282162142581769	300.0	0	0.0	300.0	0	0.0
CassandraWriteRequest	2000	38	77000.0	3953	0.5114014184176958	77000.0	3986	0.5156706435145296	115.5	227	0.029367093847917268	308.0	0	0.0	308.0	0	0.0
CassandraWriteRequest	2000	39	79000.0	3961	0.5124363820775344	79000.0	3923	0.5075203046933016	118.5	171	0.02212234822904781	316.0	0	0.0	316.0	0	0.0
CassandraWriteRequest	2000	40	81000.0	3953	0.5114014184176958	81000.0	3986	0.5156706435145296	121.5	177	0.02289857097392668	324.0	0	0.0	324.0	0	0.0
CassandraWriteRequest	2000	41	83000.0	3925	0.5077790456082611	83000.0	3916	0.5066147114909428	124.5	149	0.019276198164491953	332.0	0	0.0	332.0	0	0.0
CassandraWriteRequest	2000	42	85000.0	3893	0.5036391909689072	85000.0	3905	0.5051916364586649	127.5	174	0.022510459601487245	340.0	0	0.0	340.0	0	0.0
CassandraWriteRequest	2000	43	87000.0	3998	0.5172230890042874	87000.0	4000	0.517481829919247	130.5	193	0.024968498293603668	348.0	0	0.0	348.0	0	0.0
CassandraWriteRequest	2000	44	89000.0	4000	0.517481829919247	89000.0	3964	0.5128244934499738	133.5	143	0.018499975419613082	356.0	0	0.0	356.0	0	0.0
CassandraWriteRequest	2000	45	91000.0	3940	0.5097196024704583	91000.0	3946	0.5104958252153372	136.5	115	0.014877602610178352	364.0	0	0.0	364.0	0	0.0
CassandraWriteRequest	2000	46	93000.0	3967	0.5132126048224133	93000.0	3984	0.51541190259957	139.5	137	0.017723752674734212	372.0	0	0.0	372.0	0	0.0
CassandraWriteRequest	2000	47	95000.0	3567	0.4614644218304885	95000.0	3519	0.45525463987145753	142.5	162	0.020958014111729505	380.0	0	0.0	380.0	0	0.0
CassandraWriteRequest	2000	48	97000.0	3746	0.48462173371937484	97000.0	3753	0.4855273269217335	145.5	177	0.02289857097392668	388.0	0	0.0	388.0	0	0.0
CassandraWriteRequest	2000	49	99000.0	3927	0.5080377865232207	99000.0	3975	0.5142475684822517	148.5	133	0.017206270844814964	396.0	0	0.0	396.0	0	0.0
CassandraWriteRequest	2000	50	101000.0	3992	0.5164468662594085	101000.0	3991	0.5163174958019288	151.5	129	0.016688789014895716	404.0	0	0.0	404.0	0	0.0
CassandraWriteRequest	2000	51	103000.0	3985	0.5155412730570499	103000.0	3986	0.5156706435145296	154.5	87	0.011255229800743623	412.0	0	0.0	412.0	0	0.0
CassandraWriteRequest	2000	52	105000.0	3767	0.4873385133264509	105000.0	3764	0.48695040195401146	157.5	108	0.01397200940781967	420.0	0	0.0	420.0	0	0.0
CassandraWriteRequest	2000	53	107000.0	3931	0.50855526835314	107000.0	3940	0.5097196024704583	160.5	102	0.013195786662940799	428.0	0	0.0	428.0	0	0.0
CassandraWriteRequest	2000	54	109000.0	3986	0.5156706435145296	109000.0	3947	0.510625195672817	163.5	91	0.011772711630662869	436.0	0	0.0	436.0	0	0.0
CassandraWriteRequest	2000	55	111000.0	3941	0.5098489729279381	111000.0	3963	0.512695122992494	166.5	67	0.008667820651147387	444.0	0	0.0	444.0	0	0.0
CassandraWriteRequest	2000	56	113000.0	3946	0.5104958252153372	113000.0	3941	0.5098489729279381	169.5	57	0.00737411607634927	452.0	0	0.0	452.0	0	0.0
CassandraWriteRequest	2000	57	115000.0	2947	0.38125473819300526	115000.0	2905	0.37582117897885314	172.5	42	0.005433559214152094	460.0	0	0.0	460.0	0	0.0
CassandraWriteRequest	2000	58	117000.0	3924	0.5076496751507813	117000.0	3983	0.5152825321420902	175.5	37	0.0047867069267530345	468.0	0	0.0	468.0	0	0.0
CassandraWriteRequest	2000	59	119000.0	3993	0.5165762367168883	119000.0	3997	0.5170937185468075	178.5	37	0.0047867069267530345	476.0	0	0.0	476.0	0	0.0
CassandraWriteRequest	2000	60	121000.0	3999	0.5173524594617672	121000.0	4000	0.517481829919247	181.5	31	0.004010484181874164	484.0	0	0.0	484.0	0	0.0
CassandraWriteRequest	2000	61	123000.0	4000	0.517481829919247	123000.0	4000	0.517481829919247	184.5	42	0.005433559214152094	492.0	0	0.0	492.0	0	0.0
CassandraWriteRequest	2000	62	125000.0	3498	0.45253786026438153	125000.0	3439	0.44490500327307264	187.5	61	0.007891597906268517	500.0	0	0.0	500.0	0	0.0
CassandraWriteRequest	2000	63	127000.0	3832	0.49574759306263866	127000.0	3864	0.4998874477019926	190.5	59	0.007632856991308894	508.0	0	0.0	508.0	0	0.0
CassandraWriteRequest	2000	64	129000.0	3962	0.5125657525350141	129000.0	3985	0.5155412730570499	193.5	39	0.0050454478417126586	516.0	0	0.0	516.0	0	0.0
CassandraWriteRequest	2000	65	131000.0	3993	0.5165762367168883	131000.0	3991	0.5163174958019288	196.5	32	0.004139854639353976	524.0	0	0.0	524.0	0	0.0
CassandraWriteRequest	2000	66	133000.0	3809	0.49277207254060296	133000.0	3802	0.4918664793382443	199.5	37	0.0047867069267530345	532.0	0	0.0	532.0	0	0.0
CassandraWriteRequest	2000	67	135000.0	3785	0.48966718156108746	135000.0	3734	0.4830692882296171	202.5	32	0.004139854639353976	540.0	0	0.0	540.0	0	0.0
CassandraWriteRequest	2000	68	137000.0	3936	0.509202120640539	137000.0	4000	0.517481829919247	205.5	31	0.004010484181874164	548.0	0	0.0	548.0	0	0.0
CassandraWriteRequest	2000	69	139000.0	3973	0.5139888275672921	139000.0	3959	0.5121776411625747	208.5	37	0.0047867069267530345	556.0	0	0.0	556.0	0	0.0
CassandraWriteRequest	2000	70	141000.0	3973	0.5139888275672921	141000.0	3971	0.5137300866523324	211.5	41	0.005304188756672282	564.0	0	0.0	564.0	0	0.0
CassandraWriteRequest	2000	71	143000.0	3933	0.5088140092680996	143000.0	3941	0.5098489729279381	214.5	15	0.0019405568621971762	572.0	0	0.0	572.0	0	0.0
CassandraWriteRequest	2000	72	145000.0	3275	0.4236882482463835	145000.0	3228	0.4176078367448323	217.5	24	0.003104890979515482	580.0	0	0.0	580.0	0	0.0
CassandraWriteRequest	2000	73	147000.0	3917	0.5067440819484227	147000.0	3953	0.5114014184176958	220.5	13	0.0016818159472375529	588.0	0	0.0	588.0	0	0.0
CassandraWriteRequest	2000	74	149000.0	3978	0.5146356798546912	149000.0	3995	0.5168349776318479	223.5	15	0.0019405568621971762	596.0	0	0.0	596.0	0	0.0
CassandraWriteRequest	2000	75	151000.0	3997	0.5170937185468075	151000.0	3992	0.5164468662594085	226.5	4	5.17481829919247E-4	604.0	0	0.0	604.0	0	0.0
CassandraWriteRequest	2000	76	153000.0	3991	0.5163174958019288	153000.0	3996	0.5169643480893278	229.5	20	0.0025874091495962353	612.0	0	0.0	612.0	0	0.0
CassandraWriteRequest	2000	77	155000.0	3630	0.46961476065171665	155000.0	3568	0.4615937922879683	232.5	6	7.762227448788705E-4	620.0	0	0.0	620.0	0	0.0
CassandraWriteRequest	2000	78	157000.0	3936	0.509202120640539	157000.0	3995	0.5168349776318479	235.5	13	0.0016818159472375529	628.0	0	0.0	628.0	0	0.0
CassandraWriteRequest	2000	79	159000.0	3995	0.5168349776318479	159000.0	4000	0.517481829919247	238.5	13	0.0016818159472375529	636.0	0	0.0	636.0	0	0.0
CassandraWriteRequest	2000	80	161000.0	3988	0.5159293844294893	161000.0	3988	0.5159293844294893	241.5	28	0.003622372809434729	644.0	0	0.0	644.0	0	0.0
CassandraWriteRequest	2000	81	163000.0	3847	0.49768814992483584	163000.0	3814	0.49341892482800204	244.5	27	0.0034930023519549173	652.0	0	0.0	652.0	0	0.0
CassandraWriteRequest	2000	82	165000.0	3690	0.4773769881005054	165000.0	3661	0.4736252448335908	247.5	11	0.0014230750322779292	660.0	0	0.0	660.0	0	0.0
CassandraWriteRequest	2000	83	167000.0	3875	0.5013105227342706	167000.0	3910	0.505838488746064	250.5	3	3.8811137243943526E-4	668.0	0	0.0	668.0	0	0.0
CassandraWriteRequest	2000	84	169000.0	3940	0.5097196024704583	169000.0	3961	0.5124363820775344	253.5	27	0.0034930023519549173	676.0	0	0.0	676.0	0	0.0
CassandraWriteRequest	2000	85	171000.0	3948	0.5107545661302968	171000.0	3944	0.5102370843003775	256.5	14	0.0018111864047173644	684.0	0	0.0	684.0	0	0.0
CassandraWriteRequest	2000	86	173000.0	3942	0.5099783433854179	173000.0	3940	0.5097196024704583	259.5	6	7.762227448788705E-4	692.0	0	0.0	692.0	0	0.0
CassandraWriteRequest	2000	87	175000.0	3813	0.49328955437052224	175000.0	3762	0.4866916610390518	262.5	23	0.0029755205220356705	700.0	0	0.0	700.0	0	0.0
CassandraWriteRequest	2000	88	177000.0	3803	0.4919958497957241	177000.0	3865	0.5000168181594724	265.5	5	6.468522873990588E-4	708.0	0	0.0	708.0	0	0.0
CassandraWriteRequest	2000	89	179000.0	3987	0.5158000139720095	179000.0	3965	0.5129538639074536	268.5	12	0.001552445489757741	716.0	0	0.0	716.0	0	0.0
CassandraWriteRequest	2000	90	181000.0	3971	0.5137300866523324	181000.0	3993	0.5165762367168883	271.5	6	7.762227448788705E-4	724.0	0	0.0	724.0	0	0.0
CassandraWriteRequest	2000	91	183000.0	3997	0.5170937185468075	183000.0	3996	0.5169643480893278	274.5	4	5.17481829919247E-4	732.0	0	0.0	732.0	0	0.0
CassandraWriteRequest	2000	92	185000.0	3815	0.49354829528548183	185000.0	3783	0.4894084406461279	277.5	0	0.0	740.0	0	0.0	740.0	0	0.0
CassandraWriteRequest	2000	93	187000.0	3966	0.5130832343649334	187000.0	3962	0.5125657525350141	280.5	0	0.0	748.0	0	0.0	748.0	0	0.0
CassandraWriteRequest	2000	94	189000.0	3920	0.5071321933208621	189000.0	3949	0.5108839365877766	283.5	1	1.2937045747981175E-4	756.0	0	0.0	756.0	0	0.0
CassandraWriteRequest	2000	95	191000.0	3912	0.5060972296610236	191000.0	3895	0.5038979318838668	286.5	1	1.2937045747981175E-4	764.0	0	0.0	764.0	0	0.0
CassandraWriteRequest	2000	96	193000.0	3948	0.5107545661302968	193000.0	3969	0.5134713457373729	289.5	0	0.0	772.0	0	0.0	772.0	0	0.0
CassandraWriteRequest	2000	97	195000.0	3720	0.4812581018248997	195000.0	3661	0.4736252448335908	292.5	5	6.468522873990588E-4	780.0	0	0.0	780.0	0	0.0
CassandraWriteRequest	2000	98	197000.0	3936	0.509202120640539	197000.0	4000	0.517481829919247	295.5	1	1.2937045747981175E-4	788.0	0	0.0	788.0	0	0.0
CassandraWriteRequest	2000	99	199000.0	3999	0.5173524594617672	199000.0	3999	0.5173524594617672	298.5	0	0.0	796.0	0	0.0	796.0	0	0.0
CassandraWriteRequest	2000	100	201000.0	3965	0.5129538639074536	201000.0	3964	0.5128244934499738	301.5	4	5.17481829919247E-4	804.0	0	0.0	804.0	0	0.0
CassandraWriteRequest	2000	101	203000.0	3976	0.5143769389397316	203000.0	3959	0.5121776411625747	304.5	5	6.468522873990588E-4	812.0	0	0.0	812.0	0	0.0
CassandraWriteRequest	2000	102	205000.0	3769	0.4875972542414105	205000.0	3725	0.4819049541122988	307.5	3	3.8811137243943526E-4	820.0	0	0.0	820.0	0	0.0
CassandraWriteRequest	2000	103	207000.0	3848	0.49781752038231564	207000.0	3887	0.5028629682240283	310.5	1	1.2937045747981175E-4	828.0	0	0.0	828.0	0	0.0
CassandraWriteRequest	2000	104	209000.0	3840	0.4967825567224771	209000.0	3853	0.49846437266971466	313.5	1	1.2937045747981175E-4	836.0	0	0.0	836.0	0	0.0
CassandraWriteRequest	2000	105	211000.0	3969	0.5134713457373729	211000.0	3970	0.5136007161948527	316.5	0	0.0	844.0	0	0.0	844.0	0	0.0
CassandraWriteRequest	2000	106	213000.0	3980	0.5148944207696508	213000.0	3989	0.5160587548869691	319.5	0	0.0	852.0	0	0.0	852.0	0	0.0
CassandraWriteRequest	2000	107	215000.0	3791	0.49044340430596634	215000.0	3727	0.4821636950272584	322.5	0	0.0	860.0	0	0.0	860.0	0	0.0
CassandraWriteRequest	2000	108	217000.0	3693	0.4777650994729448	217000.0	3693	0.4777650994729448	325.5	1	1.2937045747981175E-4	868.0	0	0.0	868.0	0	0.0
CassandraWriteRequest	2000	109	219000.0	3913	0.5062266001185034	219000.0	3962	0.5125657525350141	328.5	7	9.055932023586822E-4	876.0	0	0.0	876.0	0	0.0
CassandraWriteRequest	2000	110	221000.0	3978	0.5146356798546912	221000.0	3988	0.5159293844294893	331.5	4	5.17481829919247E-4	884.0	0	0.0	884.0	0	0.0
CassandraWriteRequest	2000	111	223000.0	3981	0.5150237912271306	223000.0	3972	0.5138594571098123	334.5	1	1.2937045747981175E-4	892.0	0	0.0	892.0	0	0.0
CassandraWriteRequest	2000	112	225000.0	3890	0.5032510795964678	225000.0	3840	0.4967825567224771	337.5	2	2.587409149596235E-4	900.0	0	0.0	900.0	0	0.0
CassandraWriteRequest	2000	113	227000.0	3924	0.5076496751507813	227000.0	3924	0.5076496751507813	340.5	0	0.0	908.0	0	0.0	908.0	0	0.0
CassandraWriteRequest	2000	114	229000.0	3520	0.4553840103289374	229000.0	3520	0.4553840103289374	343.5	0	0.0	916.0	0	0.0	916.0	0	0.0
CassandraWriteRequest	2000	115	231000.0	3878	0.50169863410671	231000.0	3934	0.5089433797255795	346.5	0	0.0	924.0	0	0.0	924.0	0	0.0
CassandraWriteRequest	2000	116	233000.0	3992	0.5164468662594085	233000.0	3980	0.5148944207696508	349.5	0	0.0	932.0	0	0.0	932.0	0	0.0
CassandraWriteRequest	2000	117	235000.0	3667	0.4744014675784697	235000.0	3625	0.4689679083643176	352.5	0	0.0	940.0	0	0.0	940.0	0	0.0
CassandraWriteRequest	2000	118	237000.0	3926	0.507908416065741	237000.0	3988	0.5159293844294893	355.5	0	0.0	948.0	0	0.0	948.0	0	0.0
CassandraWriteRequest	2000	119	239000.0	4000	0.517481829919247	239000.0	4000	0.517481829919247	358.5	0	0.0	956.0	0	0.0	956.0	0	0.0
CassandraWriteRequest	2000	120	241000.0	3997	0.5170937185468075	241000.0	3995	0.5168349776318479	361.5	0	0.0	964.0	0	0.0	964.0	0	0.0
CassandraWriteRequest	2000	121	243000.0	3998	0.5172230890042874	243000.0	3998	0.5172230890042874	364.5	0	0.0	972.0	0	0.0	972.0	0	0.0
CassandraWriteRequest	2000	122	245000.0	3260	0.42174769138418633	245000.0	3210	0.41527916851019575	367.5	0	0.0	980.0	0	0.0	980.0	0	0.0
CassandraWriteRequest	2000	123	247000.0	3935	0.5090727501830592	247000.0	3938	0.5094608615554986	370.5	0	0.0	988.0	0	0.0	988.0	0	0.0
CassandraWriteRequest	2000	124	249000.0	3872	0.5009224113618311	249000.0	3909	0.5057091182885841	373.5	6	7.762227448788705E-4	996.0	0	0.0	996.0	0	0.0
CassandraWriteRequest	2000	125	251000.0	3955	0.5116601593326555	251000.0	3962	0.5125657525350141	376.5	3	3.8811137243943526E-4	1004.0	0	0.0	1004.0	0	0.0
CassandraWriteRequest	2000	126	253000.0	3981	0.5150237912271306	253000.0	3986	0.5156706435145296	379.5	4	5.17481829919247E-4	1012.0	0	0.0	1012.0	0	0.0
CassandraWriteRequest	2000	127	255000.0	3918	0.5068734524059024	255000.0	3854	0.4985937431271945	382.5	0	0.0	1020.0	0	0.0	1020.0	0	0.0
CassandraWriteRequest	2000	128	257000.0	3721	0.48138747228237955	257000.0	3775	0.48837347698628936	385.5	0	0.0	1028.0	0	0.0	1028.0	0	0.0
CassandraWriteRequest	2000	129	259000.0	3897	0.5041566727988264	259000.0	3901	0.5046741546287457	388.5	0	0.0	1036.0	0	0.0	1036.0	0	0.0
CassandraWriteRequest	2000	130	261000.0	3991	0.5163174958019288	261000.0	3997	0.5170937185468075	391.5	0	0.0	1044.0	0	0.0	1044.0	0	0.0
CassandraWriteRequest	2000	131	263000.0	3726	0.48203432456977857	263000.0	3669	0.4746602084934293	394.5	0	0.0	1052.0	0	0.0	1052.0	0	0.0
CassandraWriteRequest	2000	132	265000.0	3699	0.4785413222178237	265000.0	3693	0.4777650994729448	397.5	0	0.0	1060.0	0	0.0	1060.0	0	0.0
CassandraWriteRequest	2000	133	267000.0	3936	0.509202120640539	267000.0	3999	0.5173524594617672	400.5	0	0.0	1068.0	0	0.0	1068.0	0	0.0
CassandraWriteRequest	2000	134	269000.0	3995	0.5168349776318479	269000.0	3987	0.5158000139720095	403.5	1	1.2937045747981175E-4	1076.0	0	0.0	1076.0	0	0.0
CassandraWriteRequest	2000	135	271000.0	3992	0.5164468662594085	271000.0	3998	0.5172230890042874	406.5	0	0.0	1084.0	0	0.0	1084.0	0	0.0
CassandraWriteRequest	2000	136	273000.0	3996	0.5169643480893278	273000.0	3997	0.5170937185468075	409.5	0	0.0	1092.0	0	0.0	1092.0	0	0.0
CassandraWriteRequest	2000	137	275000.0	3989	0.5160587548869691	275000.0	3969	0.5134713457373729	412.5	0	0.0	1100.0	0	0.0	1100.0	0	0.0
CassandraWriteRequest	2000	138	277000.0	3979	0.514765050312171	277000.0	4000	0.517481829919247	415.5	0	0.0	1108.0	0	0.0	1108.0	0	0.0
CassandraWriteRequest	2000	139	279000.0	3998	0.5172230890042874	279000.0	3998	0.5172230890042874	418.5	0	0.0	1116.0	0	0.0	1116.0	0	0.0
CassandraWriteRequest	2000	140	281000.0	3836	0.4962650748925579	281000.0	3778	0.4887615883587288	421.5	0	0.0	1124.0	0	0.0	1124.0	0	0.0
CassandraWriteRequest	2000	141	283000.0	3798	0.49134899750832506	283000.0	3842	0.49704129763743676	424.5	0	0.0	1132.0	0	0.0	1132.0	0	0.0
CassandraWriteRequest	2000	142	285000.0	3557	0.4601707172556904	285000.0	3509	0.45396093529665943	427.5	0	0.0	1140.0	0	0.0	1140.0	0	0.0
CassandraWriteRequest	2000	143	287000.0	3936	0.509202120640539	287000.0	3998	0.5172230890042874	430.5	0	0.0	1148.0	0	0.0	1148.0	0	0.0
CassandraWriteRequest	2000	144	289000.0	4000	0.517481829919247	289000.0	4000	0.517481829919247	433.5	0	0.0	1156.0	0	0.0	1156.0	0	0.0
CassandraWriteRequest	2000	145	291000.0	3995	0.5168349776318479	291000.0	3994	0.5167056071743682	436.5	1	1.2937045747981175E-4	1164.0	0	0.0	1164.0	0	0.0
CassandraWriteRequest	2000	146	293000.0	3916	0.5066147114909428	293000.0	3869	0.5005342999893917	439.5	1	1.2937045747981175E-4	1172.0	0	0.0	1172.0	0	0.0
CassandraWriteRequest	2000	147	295000.0	3612	0.4672860924170801	295000.0	3596	0.46521616509740304	442.5	1	1.2937045747981175E-4	1180.0	0	0.0	1180.0	0	0.0
CassandraWriteRequest	2000	148	297000.0	3908	0.5055797478311044	297000.0	3971	0.5137300866523324	445.5	4	5.17481829919247E-4	1188.0	0	0.0	1188.0	0	0.0
CassandraWriteRequest	2000	149	299000.0	3991	0.5163174958019288	299000.0	3969	0.5134713457373729	448.5	0	0.0	1196.0	0	0.0	1196.0	0	0.0
CassandraWriteRequest	2000	150	301000.0	3957	0.5119189002476151	301000.0	3980	0.5148944207696508	451.5	0	0.0	1204.0	0	0.0	1204.0	0	0.0
CassandraWriteRequest	2000	151	303000.0	3988	0.5159293844294893	303000.0	3988	0.5159293844294893	454.5	0	0.0	1212.0	0	0.0	1212.0	0	0.0
CassandraWriteRequest	2000	152	305000.0	3779	0.48889095881620864	305000.0	3726	0.48203432456977857	457.5	1	1.2937045747981175E-4	1220.0	0	0.0	1220.0	0	0.0
CassandraWriteRequest	2000	153	307000.0	3904	0.5050622660011851	307000.0	3957	0.5119189002476151	460.5	4	5.17481829919247E-4	1228.0	0	0.0	1228.0	0	0.0
CassandraWriteRequest	2000	154	309000.0	3997	0.5170937185468075	309000.0	3989	0.5160587548869691	463.5	0	0.0	1236.0	0	0.0	1236.0	0	0.0
CassandraWriteRequest	2000	155	311000.0	3992	0.5164468662594085	311000.0	3945	0.5103664547578574	466.5	0	0.0	1244.0	0	0.0	1244.0	0	0.0
CassandraWriteRequest	2000	156	313000.0	3907	0.5054503773736245	313000.0	3947	0.510625195672817	469.5	0	0.0	1252.0	0	0.0	1252.0	0	0.0
CassandraWriteRequest	2000	157	315000.0	3284	0.4248525823637018	315000.0	3235	0.41851342994719104	472.5	1	1.2937045747981175E-4	1260.0	0	0.0	1260.0	0	0.0
CassandraWriteRequest	2000	158	317000.0	3924	0.5076496751507813	317000.0	3984	0.51541190259957	475.5	0	0.0	1268.0	0	0.0	1268.0	0	0.0
CassandraWriteRequest	2000	159	319000.0	3991	0.5163174958019288	319000.0	3977	0.5145063093972113	478.5	2	2.587409149596235E-4	1276.0	0	0.0	1276.0	0	0.0
CassandraWriteRequest	2000	160	321000.0	3975	0.5142475684822517	321000.0	3986	0.5156706435145296	481.5	1	1.2937045747981175E-4	1284.0	0	0.0	1284.0	0	0.0
CassandraWriteRequest	2000	161	323000.0	3983	0.5152825321420902	323000.0	3986	0.5156706435145296	484.5	0	0.0	1292.0	0	0.0	1292.0	0	0.0
CassandraWriteRequest	2000	162	325000.0	3736	0.48332802914457673	325000.0	3678	0.47582454261074764	487.5	0	0.0	1300.0	0	0.0	1300.0	0	0.0
CassandraWriteRequest	2000	163	327000.0	3643	0.47129657659895424	327000.0	3696	0.47815321084538426	490.5	0	0.0	1308.0	0	0.0	1308.0	0	0.0
CassandraWriteRequest	2000	164	329000.0	3990	0.5161881253444489	329000.0	3996	0.5169643480893278	493.5	0	0.0	1316.0	0	0.0	1316.0	0	0.0
CassandraWriteRequest	2000	165	331000.0	3984	0.51541190259957	331000.0	3983	0.5152825321420902	496.5	0	0.0	1324.0	0	0.0	1324.0	0	0.0
CassandraWriteRequest	2000	166	333000.0	3802	0.4918664793382443	333000.0	3758	0.4861741792091326	499.5	0	0.0	1332.0	0	0.0	1332.0	0	0.0
CassandraWriteRequest	2000	167	335000.0	3708	0.479705656335142	335000.0	3705	0.47931754496270257	502.5	0	0.0	1340.0	0	0.0	1340.0	0	0.0
CassandraWriteRequest	2000	168	337000.0	3946	0.5104958252153372	337000.0	3997	0.5170937185468075	505.5	0	0.0	1348.0	0	0.0	1348.0	0	0.0
CassandraWriteRequest	2000	169	339000.0	3999	0.5173524594617672	339000.0	3999	0.5173524594617672	508.5	0	0.0	1356.0	0	0.0	1356.0	0	0.0
CassandraWriteRequest	2000	170	341000.0	4000	0.517481829919247	341000.0	4000	0.517481829919247	511.5	0	0.0	1364.0	0	0.0	1364.0	0	0.0
CassandraWriteRequest	2000	171	343000.0	4000	0.517481829919247	343000.0	3999	0.5173524594617672	514.5	0	0.0	1372.0	0	0.0	1372.0	0	0.0
CassandraWriteRequest	2000	172	345000.0	2870	0.37129321296705975	345000.0	2807	0.3631428741458316	517.5	0	0.0	1380.0	0	0.0	1380.0	0	0.0
CassandraWriteRequest	2000	173	347000.0	3935	0.5090727501830592	347000.0	3999	0.5173524594617672	520.5	0	0.0	1388.0	0	0.0	1388.0	0	0.0
CassandraWriteRequest	2000	174	349000.0	4000	0.517481829919247	349000.0	3994	0.5167056071743682	523.5	0	0.0	1396.0	0	0.0	1396.0	0	0.0
CassandraWriteRequest	2000	175	351000.0	3970	0.5136007161948527	351000.0	3970	0.5136007161948527	526.5	0	0.0	1404.0	0	0.0	1404.0	0	0.0
CassandraWriteRequest	2000	176	353000.0	3991	0.5163174958019288	353000.0	3996	0.5169643480893278	529.5	0	0.0	1412.0	0	0.0	1412.0	0	0.0
CassandraWriteRequest	2000	177	355000.0	3725	0.4819049541122988	355000.0	3663	0.47388398574855045	532.5	0	0.0	1420.0	0	0.0	1420.0	0	0.0
CassandraWriteRequest	2000	178	357000.0	3936	0.509202120640539	357000.0	3999	0.5173524594617672	535.5	0	0.0	1428.0	0	0.0	1428.0	0	0.0
CassandraWriteRequest	2000	179	359000.0	3840	0.4967825567224771	359000.0	3815	0.49354829528548183	538.5	0	0.0	1436.0	0	0.0	1436.0	0	0.0
CassandraWriteRequest	2000	180	361000.0	3930	0.5084258978956602	361000.0	3947	0.510625195672817	541.5	0	0.0	1444.0	0	0.0	1444.0	0	0.0
CassandraWriteRequest	2000	181	363000.0	3968	0.513341975279893	363000.0	3942	0.5099783433854179	544.5	0	0.0	1452.0	0	0.0	1452.0	0	0.0
CassandraWriteRequest	2000	182	365000.0	3359	0.4345553666746877	365000.0	3332	0.43106236432273276	547.5	0	0.0	1460.0	0	0.0	1460.0	0	0.0
CassandraWriteRequest	2000	183	367000.0	3907	0.5054503773736245	367000.0	3958	0.512048270705095	550.5	0	0.0	1468.0	0	0.0	1468.0	0	0.0
CassandraWriteRequest	2000	184	369000.0	3933	0.5088140092680996	369000.0	3928	0.5081671569807006	553.5	0	0.0	1476.0	0	0.0	1476.0	0	0.0
CassandraWriteRequest	2000	185	371000.0	3980	0.5148944207696508	371000.0	3991	0.5163174958019288	556.5	0	0.0	1484.0	0	0.0	1484.0	0	0.0
CassandraWriteRequest	2000	186	373000.0	3995	0.5168349776318479	373000.0	3998	0.5172230890042874	559.5	0	0.0	1492.0	0	0.0	1492.0	0	0.0
CassandraWriteRequest	2000	187	375000.0	3479	0.4500798215722651	375000.0	3416	0.44192948275103694	562.5	0	0.0	1500.0	0	0.0	1500.0	0	0.0
CassandraWriteRequest	2000	188	377000.0	3765	0.48707977241149125	377000.0	3827	0.4951007407752396	565.5	0	0.0	1508.0	0	0.0	1508.0	0	0.0
CassandraWriteRequest	2000	189	379000.0	3908	0.5055797478311044	379000.0	3907	0.5054503773736245	568.5	0	0.0	1516.0	0	0.0	1516.0	0	0.0
CassandraWriteRequest	2000	190	381000.0	3902	0.5048035250862255	381000.0	3849	0.49794689083979543	571.5	0	0.0	1524.0	0	0.0	1524.0	0	0.0
CassandraWriteRequest	2000	191	383000.0	3420	0.44244696458095617	383000.0	3446	0.4458105964754313	574.5	0	0.0	1532.0	0	0.0	1532.0	0	0.0
CassandraWriteRequest	2000	192	385000.0	3508	0.45383156483917964	385000.0	3476	0.4496917101998257	577.5	0	0.0	1540.0	0	0.0	1540.0	0	0.0
CassandraWriteRequest	2000	193	387000.0	3881	0.5020867454791494	387000.0	3939	0.5095902320129785	580.5	0	0.0	1548.0	0	0.0	1548.0	0	0.0
CassandraWriteRequest	2000	194	389000.0	3996	0.5169643480893278	389000.0	3996	0.5169643480893278	583.5	0	0.0	1556.0	0	0.0	1556.0	0	0.0
CassandraWriteRequest	2000	195	391000.0	3991	0.5163174958019288	391000.0	3990	0.5161881253444489	586.5	0	0.0	1564.0	0	0.0	1564.0	0	0.0
CassandraWriteRequest	2000	196	393000.0	3995	0.5168349776318479	393000.0	4000	0.517481829919247	589.5	0	0.0	1572.0	0	0.0	1572.0	0	0.0
CassandraWriteRequest	2000	197	395000.0	3622	0.4685797969918782	395000.0	3571	0.46198190366040776	592.5	0	0.0	1580.0	0	0.0	1580.0	0	0.0
CassandraWriteRequest	2000	198	397000.0	3923	0.5075203046933016	397000.0	3974	0.5141181980247719	595.5	0	0.0	1588.0	0	0.0	1588.0	0	0.0
CassandraWriteRequest	2000	199	399000.0	4000	0.517481829919247	399000.0	4000	0.517481829919247	598.5	0	0.0	1596.0	0	0.0	1596.0	0	0.0
