'Request type'	'Load'	'Bucket'	'Start time'	'Absolute'	'Percent of requests'	'End time'	'Absolute'	'Percent of requests'	'Residence time'	'Absolute'	'Percent of requests'	'Theor. think time'	'Absolute'	'Percent of requests'	'Actual think time'	'Absolute'	'Percent of requests'
CassandraWriteRequest	1000	0	1000.5	1984	0.510754418257411	1000.5	1982	0.5102395448519096	2.0	155972	40.152917401433925	4.5	388445	100.0	4.5	388445	100.0
CassandraWriteRequest	1000	1	3001.5	1955	0.5032887538776404	3001.5	1949	0.5017441336611361	6.0	87416	22.50408680765617	13.5	0	0.0	13.5	0	0.0
CassandraWriteRequest	1000	2	5002.5	1914	0.49273384906486123	5002.5	1922	0.4947933426868669	10.0	44983	11.580275199835242	22.5	0	0.0	22.5	0	0.0
CassandraWriteRequest	1000	3	7003.5	1696	0.43661264786520615	7003.5	1637	0.42142388240291423	14.0	26730	6.88128306452651	31.5	0	0.0	31.5	0	0.0
CassandraWriteRequest	1000	4	9004.5	1935	0.4981400198226261	9004.5	1994	0.5133287852849181	18.0	15921	4.098649744494073	40.5	0	0.0	40.5	0	0.0
CassandraWriteRequest	1000	5	11005.5	1992	0.5128139118794167	11005.5	1992	0.5128139118794167	22.0	10614	2.7324331629960485	49.5	0	0.0	49.5	0	0.0
CassandraWriteRequest	1000	6	13006.5	1980	0.5097246714464081	13006.5	1972	0.5076651778244025	26.0	8055	2.0736526406569786	58.5	0	0.0	58.5	0	0.0
CassandraWriteRequest	1000	7	15007.5	1989	0.5120416017711645	15007.5	1997	0.5141010953931703	30.0	6001	1.5448776532070179	67.5	0	0.0	67.5	0	0.0
CassandraWriteRequest	1000	8	17008.5	1501	0.3864124908288175	17008.5	1437	0.36993654185277197	34.0	4571	1.1767431682735008	76.5	0	0.0	76.5	0	0.0
CassandraWriteRequest	1000	9	19009.5	1895	0.4878425517125977	19009.5	1934	0.49788258311987543	38.0	3552	0.9144151681705261	85.5	0	0.0	85.5	0	0.0
CassandraWriteRequest	1000	10	21010.5	1970	0.5071503044189011	21010.5	1994	0.5133287852849181	42.0	3438	0.8850673840569451	94.5	0	0.0	94.5	0	0.0
CassandraWriteRequest	1000	11	23011.5	1997	0.5141010953931703	23011.5	1995	0.5135862219876688	46.0	2536	0.6528594781758036	103.5	0	0.0	103.5	0	0.0
CassandraWriteRequest	1000	12	25012.5	1991	0.512556475176666	25012.5	1993	0.5130713485821674	50.0	1967	0.5063779943106489	112.5	0	0.0	112.5	0	0.0
CassandraWriteRequest	1000	13	27013.5	1988	0.5117841650684138	27013.5	1932	0.497367709714374	54.0	1644	0.4232259393221692	121.5	0	0.0	121.5	0	0.0
CassandraWriteRequest	1000	14	29014.5	1899	0.48887229852360053	29014.5	1952	0.5025164437693882	58.0	1316	0.33878670081993595	130.5	0	0.0	130.5	0	0.0
CassandraWriteRequest	1000	15	31015.5	1951	0.5022590070666375	31015.5	1923	0.4950507793896176	62.0	1160	0.29862657519082497	139.5	0	0.0	139.5	0	0.0
CassandraWriteRequest	1000	16	33016.5	1941	0.49968464003913043	33016.5	1973	0.5079226145271531	66.0	1082	0.2785465123762695	148.5	0	0.0	148.5	0	0.0
CassandraWriteRequest	1000	17	35017.5	1996	0.5138436586904195	35017.5	1996	0.5138436586904195	70.0	987	0.2540900256149519	157.5	0	0.0	157.5	0	0.0
CassandraWriteRequest	1000	18	37018.5	1662	0.427859799971682	37018.5	1599	0.4116412876983872	74.0	914	0.23529714631415002	166.5	0	0.0	166.5	0	0.0
CassandraWriteRequest	1000	19	39019.5	1914	0.49273384906486123	39019.5	1973	0.5079226145271531	78.0	861	0.22165300106836233	175.5	0	0.0	175.5	0	0.0
CassandraWriteRequest	1000	20	41020.5	1952	0.5025164437693882	41020.5	1956	0.5035461905803911	82.0	804	0.2069791090115718	184.5	0	0.0	184.5	0	0.0
CassandraWriteRequest	1000	21	43021.5	1942	0.4999420767418811	43021.5	1927	0.49608052620062043	86.0	733	0.1887011031162713	193.5	0	0.0	193.5	0	0.0
CassandraWriteRequest	1000	22	45022.5	1957	0.5038036272831418	45022.5	1969	0.5068928677161503	90.0	724	0.1863841727915149	202.5	0	0.0	202.5	0	0.0
CassandraWriteRequest	1000	23	47023.5	1715	0.44150394521746966	47023.5	1676	0.43146391381019195	94.0	749	0.1928200903602827	211.5	0	0.0	211.5	0	0.0
CassandraWriteRequest	1000	24	49024.5	1936	0.49839745652537687	49024.5	1978	0.5092097980409067	98.0	584	0.15034303440641533	220.5	0	0.0	220.5	0	0.0
CassandraWriteRequest	1000	25	51025.5	2000	0.5148734055014224	51025.5	2000	0.5148734055014224	102.0	478	0.12305474391483995	229.5	0	0.0	229.5	0	0.0
CassandraWriteRequest	1000	26	53026.5	2000	0.5148734055014224	53026.5	2000	0.5148734055014224	106.0	486	0.12511423753684564	238.5	0	0.0	238.5	0	0.0
CassandraWriteRequest	1000	27	55027.5	2000	0.5148734055014224	55027.5	2000	0.5148734055014224	110.0	429	0.1104403454800551	247.5	0	0.0	247.5	0	0.0
CassandraWriteRequest	1000	28	57028.5	1572	0.404690496724118	57028.5	1520	0.391303788181081	114.0	233	0.059982751740915705	256.5	0	0.0	256.5	0	0.0
CassandraWriteRequest	1000	29	59029.5	1927	0.49608052620062043	59029.5	1979	0.5094672347436574	118.0	244	0.06281455547117352	265.5	0	0.0	265.5	0	0.0
CassandraWriteRequest	1000	30	61030.5	1995	0.5135862219876688	61030.5	1994	0.5133287852849181	122.0	250	0.0643591756876778	274.5	0	0.0	274.5	0	0.0
CassandraWriteRequest	1000	31	63031.5	1999	0.5146159687986717	63031.5	1999	0.5146159687986717	126.0	246	0.06332942887667495	283.5	0	0.0	283.5	0	0.0
CassandraWriteRequest	1000	32	65032.5	1999	0.5146159687986717	65032.5	1998	0.514358532095921	130.0	172	0.04427911287312233	292.5	0	0.0	292.5	0	0.0
CassandraWriteRequest	1000	33	67033.5	1789	0.46055426122102233	67033.5	1770	0.4556629638687588	134.0	177	0.04556629638687588	301.5	0	0.0	301.5	0	0.0
CassandraWriteRequest	1000	34	69034.5	1979	0.5094672347436574	69034.5	1985	0.5110118549601617	138.0	155	0.03990268892636024	310.5	0	0.0	310.5	0	0.0
CassandraWriteRequest	1000	35	71035.5	1900	0.4891297352263513	71035.5	1896	0.4880999884153484	142.0	138	0.03552626497959814	319.5	0	0.0	319.5	0	0.0
CassandraWriteRequest	1000	36	73036.5	1843	0.47445584316956074	73036.5	1852	0.4767727734943171	146.0	142	0.03655601179060099	328.5	0	0.0	328.5	0	0.0
CassandraWriteRequest	1000	37	75037.5	1948	0.5014866969583854	75037.5	1951	0.5022590070666375	150.0	85	0.021882119733810452	337.5	0	0.0	337.5	0	0.0
CassandraWriteRequest	1000	38	77038.5	1525	0.39259097169483453	77038.5	1469	0.37817451634079474	154.0	116	0.029862657519082497	346.5	0	0.0	346.5	0	0.0
CassandraWriteRequest	1000	39	79039.5	1843	0.47445584316956074	79039.5	1906	0.49067435544285554	158.0	88	0.022654429842062583	355.5	0	0.0	355.5	0	0.0
CassandraWriteRequest	1000	40	81040.5	1997	0.5141010953931703	81040.5	1996	0.5138436586904195	162.0	118	0.03037753092458392	364.5	0	0.0	364.5	0	0.0
CassandraWriteRequest	1000	41	83041.5	1998	0.514358532095921	83041.5	1994	0.5133287852849181	166.0	104	0.026773417086073965	373.5	0	0.0	373.5	0	0.0
CassandraWriteRequest	1000	42	85042.5	1994	0.5133287852849181	85042.5	1999	0.5146159687986717	170.0	69	0.01776313248979907	382.5	0	0.0	382.5	0	0.0
CassandraWriteRequest	1000	43	87043.5	1694	0.43609777445970477	87043.5	1630	0.4196218254836592	174.0	91	0.023426739950314718	391.5	0	0.0	391.5	0	0.0
CassandraWriteRequest	1000	44	89044.5	1865	0.4801194506300764	89044.5	1908	0.4911892288483569	178.0	58	0.014931328759541248	400.5	0	0.0	400.5	0	0.0
CassandraWriteRequest	1000	45	91045.5	1977	0.508952361338156	91045.5	1991	0.512556475176666	182.0	79	0.020337499517306182	409.5	0	0.0	409.5	0	0.0
CassandraWriteRequest	1000	46	93046.5	1985	0.5110118549601617	93046.5	1989	0.5120416017711645	186.0	46	0.011842088326532715	418.5	0	0.0	418.5	0	0.0
CassandraWriteRequest	1000	47	95047.5	1995	0.5135862219876688	95047.5	1998	0.514358532095921	190.0	37	0.009525158001776314	427.5	0	0.0	427.5	0	0.0
CassandraWriteRequest	1000	48	97048.5	1940	0.4994272033363797	97048.5	1923	0.4950507793896176	194.0	85	0.021882119733810452	436.5	0	0.0	436.5	0	0.0
CassandraWriteRequest	1000	49	99049.5	1981	0.5099821081491589	99049.5	1998	0.514358532095921	198.0	90	0.023169303247564006	445.5	0	0.0	445.5	0	0.0
CassandraWriteRequest	1000	50	101050.5	1999	0.5146159687986717	101050.5	1993	0.5130713485821674	202.0	50	0.01287183513753556	454.5	0	0.0	454.5	0	0.0
CassandraWriteRequest	1000	51	103051.5	1993	0.5130713485821674	103051.5	1991	0.512556475176666	206.0	49	0.012614398434784848	463.5	0	0.0	463.5	0	0.0
CassandraWriteRequest	1000	52	105052.5	1992	0.5128139118794167	105052.5	1998	0.514358532095921	210.0	33	0.00849541119077347	472.5	0	0.0	472.5	0	0.0
CassandraWriteRequest	1000	53	107053.5	1980	0.5097246714464081	107053.5	1976	0.5086949246354053	214.0	31	0.007980537785272046	481.5	0	0.0	481.5	0	0.0
CassandraWriteRequest	1000	54	109054.5	1925	0.49556565279511905	109054.5	1868	0.4808917607383285	218.0	39	0.010040031407277735	490.5	0	0.0	490.5	0	0.0
CassandraWriteRequest	1000	55	111055.5	1931	0.4971102730116233	111055.5	1956	0.5035461905803911	222.0	32	0.008237974488022758	499.5	0	0.0	499.5	0	0.0
CassandraWriteRequest	1000	56	113056.5	1953	0.502773880472139	113056.5	1990	0.5122990384739152	226.0	38	0.009782594704527026	508.5	0	0.0	508.5	0	0.0
CassandraWriteRequest	1000	57	115057.5	1996	0.5138436586904195	115057.5	1979	0.5094672347436574	230.0	51	0.01312927184028627	517.5	0	0.0	517.5	0	0.0
CassandraWriteRequest	1000	58	117058.5	1746	0.44948448300274174	117058.5	1764	0.4541183436522545	234.0	35	0.009010284596274891	526.5	0	0.0	526.5	0	0.0
CassandraWriteRequest	1000	59	119059.5	1994	0.5133287852849181	119059.5	1987	0.5115267283656632	238.0	15	0.003861550541260668	535.5	0	0.0	535.5	0	0.0
CassandraWriteRequest	1000	60	121060.5	1991	0.512556475176666	121060.5	1970	0.5071503044189011	242.0	26	0.006693354271518491	544.5	0	0.0	544.5	0	0.0
CassandraWriteRequest	1000	61	123061.5	1909	0.49144666555110766	123061.5	1934	0.49788258311987543	246.0	23	0.005921044163266357	553.5	0	0.0	553.5	0	0.0
CassandraWriteRequest	1000	62	125062.5	1991	0.512556475176666	125062.5	1994	0.5133287852849181	250.0	21	0.005406170757764935	562.5	0	0.0	562.5	0	0.0
CassandraWriteRequest	1000	63	127063.5	1988	0.5117841650684138	127063.5	1985	0.5110118549601617	254.0	35	0.009010284596274891	571.5	0	0.0	571.5	0	0.0
CassandraWriteRequest	1000	64	129064.5	1997	0.5141010953931703	129064.5	1999	0.5146159687986717	258.0	10	0.0025743670275071118	580.5	0	0.0	580.5	0	0.0
CassandraWriteRequest	1000	65	131065.5	1986	0.5112692916629125	131065.5	1980	0.5097246714464081	262.0	14	0.0036041138385099567	589.5	0	0.0	589.5	0	0.0
CassandraWriteRequest	1000	66	133066.5	1992	0.5128139118794167	133066.5	1997	0.5141010953931703	266.0	12	0.0030892404330085345	598.5	0	0.0	598.5	0	0.0
CassandraWriteRequest	1000	67	135067.5	1998	0.514358532095921	135067.5	2000	0.5148734055014224	270.0	12	0.0030892404330085345	607.5	0	0.0	607.5	0	0.0
CassandraWriteRequest	1000	68	137068.5	1946	0.5009718235528839	137068.5	1940	0.4994272033363797	274.0	13	0.0033466771357592456	616.5	0	0.0	616.5	0	0.0
CassandraWriteRequest	1000	69	139069.5	1994	0.5133287852849181	139069.5	1999	0.5146159687986717	278.0	11	0.002831803730257823	625.5	0	0.0	625.5	0	0.0
CassandraWriteRequest	1000	70	141070.5	1975	0.5084374879326546	141070.5	1936	0.49839745652537687	282.0	1	2.574367027507112E-4	634.5	0	0.0	634.5	0	0.0
CassandraWriteRequest	1000	71	143071.5	1846	0.47522815327781287	143071.5	1886	0.4855256213878413	286.0	9	0.0023169303247564006	643.5	0	0.0	643.5	0	0.0
CassandraWriteRequest	1000	72	145072.5	2000	0.5148734055014224	145072.5	1953	0.502773880472139	290.0	10	0.0025743670275071118	652.5	0	0.0	652.5	0	0.0
CassandraWriteRequest	1000	73	147073.5	1808	0.46544555857328584	147073.5	1793	0.46158400803202515	294.0	10	0.0025743670275071118	661.5	0	0.0	661.5	0	0.0
CassandraWriteRequest	1000	74	149074.5	1918	0.49376359587586405	149074.5	1980	0.5097246714464081	298.0	27	0.006950790974269202	670.5	0	0.0	670.5	0	0.0
CassandraWriteRequest	1000	75	151075.5	2000	0.5148734055014224	151075.5	1999	0.5146159687986717	302.0	26	0.006693354271518491	679.5	0	0.0	679.5	0	0.0
CassandraWriteRequest	1000	76	153076.5	1999	0.5146159687986717	153076.5	2000	0.5148734055014224	306.0	24	0.006178480866017069	688.5	0	0.0	688.5	0	0.0
CassandraWriteRequest	1000	77	155077.5	1998	0.514358532095921	155077.5	1996	0.5138436586904195	310.0	16	0.004118987244011379	697.5	0	0.0	697.5	0	0.0
CassandraWriteRequest	1000	78	157078.5	1912	0.4922189756593598	157078.5	1850	0.4762579000888157	314.0	14	0.0036041138385099567	706.5	0	0.0	706.5	0	0.0
CassandraWriteRequest	1000	79	159079.5	1841	0.4739409697640593	159079.5	1894	0.48758511500984697	318.0	1	2.574367027507112E-4	715.5	0	0.0	715.5	0	0.0
CassandraWriteRequest	1000	80	161080.5	1981	0.5099821081491589	161080.5	1987	0.5115267283656632	322.0	1	2.574367027507112E-4	724.5	0	0.0	724.5	0	0.0
CassandraWriteRequest	1000	81	163081.5	1986	0.5112692916629125	163081.5	1991	0.512556475176666	326.0	9	0.0023169303247564006	733.5	0	0.0	733.5	0	0.0
CassandraWriteRequest	1000	82	165082.5	2000	0.5148734055014224	165082.5	2000	0.5148734055014224	330.0	12	0.0030892404330085345	742.5	0	0.0	742.5	0	0.0
CassandraWriteRequest	1000	83	167083.5	2000	0.5148734055014224	167083.5	1990	0.5122990384739152	334.0	6	0.0015446202165042672	751.5	0	0.0	751.5	0	0.0
CassandraWriteRequest	1000	84	169084.5	1905	0.4904169187401048	169084.5	1853	0.4770302101970678	338.0	8	0.0020594936220056895	760.5	0	0.0	760.5	0	0.0
CassandraWriteRequest	1000	85	171085.5	1927	0.49608052620062043	171085.5	1989	0.5120416017711645	342.0	4	0.0010297468110028447	769.5	0	0.0	769.5	0	0.0
CassandraWriteRequest	1000	86	173086.5	1996	0.5138436586904195	173086.5	1965	0.5058631209051475	346.0	7	0.0018020569192549784	778.5	0	0.0	778.5	0	0.0
CassandraWriteRequest	1000	87	175087.5	1920	0.4942784692813655	175087.5	1947	0.5012292602556346	350.0	12	0.0030892404330085345	787.5	0	0.0	787.5	0	0.0
CassandraWriteRequest	1000	88	177088.5	1994	0.5133287852849181	177088.5	1998	0.514358532095921	354.0	5	0.0012871835137535559	796.5	0	0.0	796.5	0	0.0
CassandraWriteRequest	1000	89	179089.5	1953	0.502773880472139	179089.5	1943	0.5001995134446319	358.0	10	0.0025743670275071118	805.5	0	0.0	805.5	0	0.0
CassandraWriteRequest	1000	90	181090.5	1980	0.5097246714464081	181090.5	1988	0.5117841650684138	362.0	1	2.574367027507112E-4	814.5	0	0.0	814.5	0	0.0
CassandraWriteRequest	1000	91	183091.5	1997	0.5141010953931703	183091.5	1999	0.5146159687986717	366.0	17	0.0043764239467620905	823.5	0	0.0	823.5	0	0.0
CassandraWriteRequest	1000	92	185092.5	1989	0.5120416017711645	185092.5	1985	0.5110118549601617	370.0	4	0.0010297468110028447	832.5	0	0.0	832.5	0	0.0
CassandraWriteRequest	1000	93	187093.5	1964	0.5056056842023968	187093.5	1945	0.5007143868501333	374.0	4	0.0010297468110028447	841.5	0	0.0	841.5	0	0.0
CassandraWriteRequest	1000	94	189094.5	1961	0.5048333740941446	189094.5	1958	0.5040610639858925	378.0	7	0.0018020569192549784	850.5	0	0.0	850.5	0	0.0
CassandraWriteRequest	1000	95	191095.5	1841	0.4739409697640593	191095.5	1811	0.466217868681538	382.0	6	0.0015446202165042672	859.5	0	0.0	859.5	0	0.0
CassandraWriteRequest	1000	96	193096.5	1921	0.4945359059841162	193096.5	1965	0.5058631209051475	386.0	6	0.0015446202165042672	868.5	0	0.0	868.5	0	0.0
CassandraWriteRequest	1000	97	195097.5	1939	0.499169766633629	195097.5	1950	0.5020015703638868	390.0	5	0.0012871835137535559	877.5	0	0.0	877.5	0	0.0
CassandraWriteRequest	1000	98	197098.5	1858	0.4783173937108214	197098.5	1848	0.47574302668331425	394.0	2	5.148734055014224E-4	886.5	0	0.0	886.5	0	0.0
CassandraWriteRequest	1000	99	199099.5	1906	0.49067435544285554	199099.5	1869	0.4811491974410792	398.0	3	7.723101082521336E-4	895.5	0	0.0	895.5	0	0.0
CassandraWriteRequest	1000	100	201100.5	1948	0.5014866969583854	201100.5	1960	0.504575937391394	402.0	4	0.0010297468110028447	904.5	0	0.0	904.5	0	0.0
CassandraWriteRequest	1000	101	203101.5	1961	0.5048333740941446	203101.5	1997	0.5141010953931703	406.0	29	0.007465664379770624	913.5	0	0.0	913.5	0	0.0
CassandraWriteRequest	1000	102	205102.5	1974	0.5081800512299038	205102.5	1973	0.5079226145271531	410.0	4	0.0010297468110028447	922.5	0	0.0	922.5	0	0.0
CassandraWriteRequest	1000	103	207103.5	1936	0.49839745652537687	207103.5	1930	0.4968528363088726	414.0	1	2.574367027507112E-4	931.5	0	0.0	931.5	0	0.0
CassandraWriteRequest	1000	104	209104.5	1990	0.5122990384739152	209104.5	1997	0.5141010953931703	418.0	11	0.002831803730257823	940.5	0	0.0	940.5	0	0.0
CassandraWriteRequest	1000	105	211105.5	2000	0.5148734055014224	211105.5	2000	0.5148734055014224	422.0	10	0.0025743670275071118	949.5	0	0.0	949.5	0	0.0
CassandraWriteRequest	1000	106	213106.5	1948	0.5014866969583854	213106.5	1921	0.4945359059841162	426.0	0	0.0	958.5	0	0.0	958.5	0	0.0
CassandraWriteRequest	1000	107	215107.5	1938	0.4989123299308783	215107.5	1957	0.5038036272831418	430.0	1	2.574367027507112E-4	967.5	0	0.0	967.5	0	0.0
CassandraWriteRequest	1000	108	217108.5	1905	0.4904169187401048	217108.5	1864	0.47986201392732564	434.0	1	2.574367027507112E-4	976.5	0	0.0	976.5	0	0.0
CassandraWriteRequest	1000	109	219109.5	1893	0.4873276783070963	219109.5	1942	0.4999420767418811	438.0	4	0.0010297468110028447	985.5	0	0.0	985.5	0	0.0
CassandraWriteRequest	1000	110	221110.5	1923	0.4950507793896176	221110.5	1897	0.4883574251180991	442.0	4	0.0010297468110028447	994.5	0	0.0	994.5	0	0.0
CassandraWriteRequest	1000	111	223111.5	1953	0.502773880472139	223111.5	1965	0.5058631209051475	446.0	1	2.574367027507112E-4	1003.5	0	0.0	1003.5	0	0.0
CassandraWriteRequest	1000	112	225112.5	1985	0.5110118549601617	225112.5	1996	0.5138436586904195	450.0	1	2.574367027507112E-4	1012.5	0	0.0	1012.5	0	0.0
CassandraWriteRequest	1000	113	227113.5	1873	0.4821789442520821	227113.5	1861	0.4790897038190735	454.0	0	0.0	1021.5	0	0.0	1021.5	0	0.0
CassandraWriteRequest	1000	114	229114.5	1985	0.5110118549601617	229114.5	2000	0.5148734055014224	458.0	0	0.0	1030.5	0	0.0	1030.5	0	0.0
CassandraWriteRequest	1000	115	231115.5	1998	0.514358532095921	231115.5	1998	0.514358532095921	462.0	1	2.574367027507112E-4	1039.5	0	0.0	1039.5	0	0.0
CassandraWriteRequest	1000	116	233116.5	2000	0.5148734055014224	233116.5	2000	0.5148734055014224	466.0	0	0.0	1048.5	0	0.0	1048.5	0	0.0
CassandraWriteRequest	1000	117	235117.5	1996	0.5138436586904195	235117.5	1979	0.5094672347436574	470.0	3	7.723101082521336E-4	1057.5	0	0.0	1057.5	0	0.0
CassandraWriteRequest	1000	118	237118.5	1903	0.4899020453346034	237118.5	1920	0.4942784692813655	474.0	1	2.574367027507112E-4	1066.5	0	0.0	1066.5	0	0.0
CassandraWriteRequest	1000	119	239119.5	2000	0.5148734055014224	239119.5	2000	0.5148734055014224	478.0	4	0.0010297468110028447	1075.5	0	0.0	1075.5	0	0.0
CassandraWriteRequest	1000	120	241120.5	1998	0.514358532095921	241120.5	1998	0.514358532095921	482.0	4	0.0010297468110028447	1084.5	0	0.0	1084.5	0	0.0
CassandraWriteRequest	1000	121	243121.5	2000	0.5148734055014224	243121.5	2000	0.5148734055014224	486.0	0	0.0	1093.5	0	0.0	1093.5	0	0.0
CassandraWriteRequest	1000	122	245122.5	1979	0.5094672347436574	245122.5	1979	0.5094672347436574	490.0	0	0.0	1102.5	0	0.0	1102.5	0	0.0
CassandraWriteRequest	1000	123	247123.5	1888	0.4860404947933427	247123.5	1888	0.4860404947933427	494.0	0	0.0	1111.5	0	0.0	1111.5	0	0.0
CassandraWriteRequest	1000	124	249124.5	2000	0.5148734055014224	249124.5	1991	0.512556475176666	498.0	2	5.148734055014224E-4	1120.5	0	0.0	1120.5	0	0.0
CassandraWriteRequest	1000	125	251125.5	1964	0.5056056842023968	251125.5	1948	0.5014866969583854	502.0	1	2.574367027507112E-4	1129.5	0	0.0	1129.5	0	0.0
CassandraWriteRequest	1000	126	253126.5	1967	0.5063779943106489	253126.5	1992	0.5128139118794167	506.0	0	0.0	1138.5	0	0.0	1138.5	0	0.0
CassandraWriteRequest	1000	127	255127.5	2000	0.5148734055014224	255127.5	2000	0.5148734055014224	510.0	0	0.0	1147.5	0	0.0	1147.5	0	0.0
CassandraWriteRequest	1000	128	257128.5	1882	0.48449587457683846	257128.5	1840	0.47368353306130856	514.0	0	0.0	1156.5	0	0.0	1156.5	0	0.0
CassandraWriteRequest	1000	129	259129.5	1942	0.4999420767418811	259129.5	1954	0.5030313171748897	518.0	0	0.0	1165.5	0	0.0	1165.5	0	0.0
CassandraWriteRequest	1000	130	261130.5	1948	0.5014866969583854	261130.5	1969	0.5068928677161503	522.0	0	0.0	1174.5	0	0.0	1174.5	0	0.0
CassandraWriteRequest	1000	131	263131.5	1981	0.5099821081491589	263131.5	1981	0.5099821081491589	526.0	0	0.0	1183.5	0	0.0	1183.5	0	0.0
CassandraWriteRequest	1000	132	265132.5	1967	0.5063779943106489	265132.5	1965	0.5058631209051475	530.0	0	0.0	1192.5	0	0.0	1192.5	0	0.0
CassandraWriteRequest	1000	133	267133.5	1967	0.5063779943106489	267133.5	1966	0.5061205576078982	534.0	0	0.0	1201.5	0	0.0	1201.5	0	0.0
CassandraWriteRequest	1000	134	269134.5	1986	0.5112692916629125	269134.5	1994	0.5133287852849181	538.0	1	2.574367027507112E-4	1210.5	0	0.0	1210.5	0	0.0
CassandraWriteRequest	1000	135	271135.5	1942	0.4999420767418811	271135.5	1925	0.49556565279511905	542.0	1	2.574367027507112E-4	1219.5	0	0.0	1219.5	0	0.0
CassandraWriteRequest	1000	136	273136.5	1975	0.5084374879326546	273136.5	1996	0.5138436586904195	546.0	0	0.0	1228.5	0	0.0	1228.5	0	0.0
CassandraWriteRequest	1000	137	275137.5	1993	0.5130713485821674	275137.5	1993	0.5130713485821674	550.0	0	0.0	1237.5	0	0.0	1237.5	0	0.0
CassandraWriteRequest	1000	138	277138.5	1909	0.49144666555110766	277138.5	1909	0.49144666555110766	554.0	0	0.0	1246.5	0	0.0	1246.5	0	0.0
CassandraWriteRequest	1000	139	279139.5	2000	0.5148734055014224	279139.5	2000	0.5148734055014224	558.0	0	0.0	1255.5	0	0.0	1255.5	0	0.0
CassandraWriteRequest	1000	140	281140.5	2000	0.5148734055014224	281140.5	1998	0.514358532095921	562.0	6	0.0015446202165042672	1264.5	0	0.0	1264.5	0	0.0
CassandraWriteRequest	1000	141	283141.5	1998	0.514358532095921	283141.5	1995	0.5135862219876688	566.0	1	2.574367027507112E-4	1273.5	0	0.0	1273.5	0	0.0
CassandraWriteRequest	1000	142	285142.5	1991	0.512556475176666	285142.5	1996	0.5138436586904195	570.0	0	0.0	1282.5	0	0.0	1282.5	0	0.0
CassandraWriteRequest	1000	143	287143.5	1813	0.46673274208703935	287143.5	1813	0.46673274208703935	574.0	0	0.0	1291.5	0	0.0	1291.5	0	0.0
CassandraWriteRequest	1000	144	289144.5	1963	0.505348247499646	289144.5	1956	0.5035461905803911	578.0	1	2.574367027507112E-4	1300.5	0	0.0	1300.5	0	0.0
CassandraWriteRequest	1000	145	291145.5	1981	0.5099821081491589	291145.5	1973	0.5079226145271531	582.0	0	0.0	1309.5	0	0.0	1309.5	0	0.0
CassandraWriteRequest	1000	146	293146.5	1928	0.4963379629033712	293146.5	1911	0.4919615389566091	586.0	0	0.0	1318.5	0	0.0	1318.5	0	0.0
CassandraWriteRequest	1000	147	295147.5	1962	0.5050908107968953	295147.5	1989	0.5120416017711645	590.0	0	0.0	1327.5	0	0.0	1327.5	0	0.0
CassandraWriteRequest	1000	148	297148.5	1888	0.4860404947933427	297148.5	1834	0.4721389128448043	594.0	0	0.0	1336.5	0	0.0	1336.5	0	0.0
CassandraWriteRequest	1000	149	299149.5	1885	0.4852681846850906	299149.5	1926	0.49582308949786974	598.0	0	0.0	1345.5	0	0.0	1345.5	0	0.0
CassandraWriteRequest	1000	150	301150.5	1963	0.505348247499646	301150.5	1973	0.5079226145271531	602.0	0	0.0	1354.5	0	0.0	1354.5	0	0.0
CassandraWriteRequest	1000	151	303151.5	1969	0.5068928677161503	303151.5	1968	0.5066354310133996	606.0	0	0.0	1363.5	0	0.0	1363.5	0	0.0
CassandraWriteRequest	1000	152	305152.5	1988	0.5117841650684138	305152.5	1981	0.5099821081491589	610.0	0	0.0	1372.5	0	0.0	1372.5	0	0.0
CassandraWriteRequest	1000	153	307153.5	1814	0.4669901787897901	307153.5	1827	0.47033685592554936	614.0	0	0.0	1381.5	0	0.0	1381.5	0	0.0
CassandraWriteRequest	1000	154	309154.5	1997	0.5141010953931703	309154.5	2000	0.5148734055014224	618.0	0	0.0	1390.5	0	0.0	1390.5	0	0.0
CassandraWriteRequest	1000	155	311155.5	2000	0.5148734055014224	311155.5	1989	0.5120416017711645	622.0	0	0.0	1399.5	0	0.0	1399.5	0	0.0
CassandraWriteRequest	1000	156	313156.5	1976	0.5086949246354053	313156.5	1984	0.510754418257411	626.0	0	0.0	1408.5	0	0.0	1408.5	0	0.0
CassandraWriteRequest	1000	157	315157.5	1907	0.4909317921456062	315157.5	1910	0.49170410225385836	630.0	0	0.0	1417.5	0	0.0	1417.5	0	0.0
CassandraWriteRequest	1000	158	317158.5	1926	0.49582308949786974	317158.5	1926	0.49582308949786974	634.0	1	2.574367027507112E-4	1426.5	0	0.0	1426.5	0	0.0
CassandraWriteRequest	1000	159	319159.5	2000	0.5148734055014224	319159.5	1959	0.5043185006886433	638.0	0	0.0	1435.5	0	0.0	1435.5	0	0.0
CassandraWriteRequest	1000	160	321160.5	1907	0.4909317921456062	321160.5	1936	0.49839745652537687	642.0	0	0.0	1444.5	0	0.0	1444.5	0	0.0
CassandraWriteRequest	1000	161	323161.5	1986	0.5112692916629125	323161.5	1997	0.5141010953931703	646.0	0	0.0	1453.5	0	0.0	1453.5	0	0.0
CassandraWriteRequest	1000	162	325162.5	1999	0.5146159687986717	325162.5	1996	0.5138436586904195	650.0	0	0.0	1462.5	0	0.0	1462.5	0	0.0
CassandraWriteRequest	1000	163	327163.5	1876	0.4829512543603342	327163.5	1833	0.4718814761420536	654.0	0	0.0	1471.5	0	0.0	1471.5	0	0.0
CassandraWriteRequest	1000	164	329164.5	1922	0.4947933426868669	329164.5	1958	0.5040610639858925	658.0	0	0.0	1480.5	0	0.0	1480.5	0	0.0
CassandraWriteRequest	1000	165	331165.5	1984	0.510754418257411	331165.5	1995	0.5135862219876688	662.0	0	0.0	1489.5	0	0.0	1489.5	0	0.0
CassandraWriteRequest	1000	166	333166.5	1995	0.5135862219876688	333166.5	1995	0.5135862219876688	666.0	0	0.0	1498.5	0	0.0	1498.5	0	0.0
CassandraWriteRequest	1000	167	335167.5	2000	0.5148734055014224	335167.5	1992	0.5128139118794167	670.0	0	0.0	1507.5	0	0.0	1507.5	0	0.0
CassandraWriteRequest	1000	168	337168.5	1989	0.5120416017711645	337168.5	1996	0.5138436586904195	674.0	0	0.0	1516.5	0	0.0	1516.5	0	0.0
CassandraWriteRequest	1000	169	339169.5	1989	0.5120416017711645	339169.5	1926	0.49582308949786974	678.0	0	0.0	1525.5	0	0.0	1525.5	0	0.0
CassandraWriteRequest	1000	170	341170.5	1797	0.462613754843028	341170.5	1804	0.46441581176228297	682.0	0	0.0	1534.5	0	0.0	1534.5	0	0.0
CassandraWriteRequest	1000	171	343171.5	1923	0.4950507793896176	343171.5	1966	0.5061205576078982	686.0	0	0.0	1543.5	0	0.0	1543.5	0	0.0
CassandraWriteRequest	1000	172	345172.5	1981	0.5099821081491589	345172.5	1987	0.5115267283656632	690.0	0	0.0	1552.5	0	0.0	1552.5	0	0.0
CassandraWriteRequest	1000	173	347173.5	1880	0.483981001171337	347173.5	1884	0.4850107479823399	694.0	0	0.0	1561.5	0	0.0	1561.5	0	0.0
CassandraWriteRequest	1000	174	349174.5	1996	0.5138436586904195	349174.5	1997	0.5141010953931703	698.0	0	0.0	1570.5	0	0.0	1570.5	0	0.0
CassandraWriteRequest	1000	175	351175.5	1980	0.5097246714464081	351175.5	1958	0.5040610639858925	702.0	0	0.0	1579.5	0	0.0	1579.5	0	0.0
CassandraWriteRequest	1000	176	353176.5	1959	0.5043185006886433	353176.5	1970	0.5071503044189011	706.0	0	0.0	1588.5	0	0.0	1588.5	0	0.0
CassandraWriteRequest	1000	177	355177.5	1956	0.5035461905803911	355177.5	1970	0.5071503044189011	710.0	0	0.0	1597.5	0	0.0	1597.5	0	0.0
CassandraWriteRequest	1000	178	357178.5	1941	0.49968464003913043	357178.5	1922	0.4947933426868669	714.0	0	0.0	1606.5	0	0.0	1606.5	0	0.0
CassandraWriteRequest	1000	179	359179.5	1876	0.4829512543603342	359179.5	1890	0.48655536819884415	718.0	0	0.0	1615.5	0	0.0	1615.5	0	0.0
CassandraWriteRequest	1000	180	361180.5	1936	0.49839745652537687	361180.5	1937	0.49865489322812756	722.0	0	0.0	1624.5	0	0.0	1624.5	0	0.0
CassandraWriteRequest	1000	181	363181.5	1993	0.5130713485821674	363181.5	1984	0.510754418257411	726.0	0	0.0	1633.5	0	0.0	1633.5	0	0.0
CassandraWriteRequest	1000	182	365182.5	1955	0.5032887538776404	365182.5	1924	0.4953082160923683	730.0	0	0.0	1642.5	0	0.0	1642.5	0	0.0
CassandraWriteRequest	1000	183	367183.5	1930	0.4968528363088726	367183.5	1957	0.5038036272831418	734.0	0	0.0	1651.5	0	0.0	1651.5	0	0.0
CassandraWriteRequest	1000	184	369184.5	1980	0.5097246714464081	369184.5	1994	0.5133287852849181	738.0	0	0.0	1660.5	0	0.0	1660.5	0	0.0
CassandraWriteRequest	1000	185	371185.5	1996	0.5138436586904195	371185.5	1995	0.5135862219876688	742.0	0	0.0	1669.5	0	0.0	1669.5	0	0.0
CassandraWriteRequest	1000	186	373186.5	1959	0.5043185006886433	373186.5	1943	0.5001995134446319	746.0	0	0.0	1678.5	0	0.0	1678.5	0	0.0
CassandraWriteRequest	1000	187	375187.5	1943	0.5001995134446319	375187.5	1960	0.504575937391394	750.0	0	0.0	1687.5	0	0.0	1687.5	0	0.0
CassandraWriteRequest	1000	188	377188.5	1923	0.4950507793896176	377188.5	1913	0.4924764123621105	754.0	0	0.0	1696.5	0	0.0	1696.5	0	0.0
CassandraWriteRequest	1000	189	379189.5	1925	0.49556565279511905	379189.5	1919	0.4940210325786148	758.0	0	0.0	1705.5	0	0.0	1705.5	0	0.0
CassandraWriteRequest	1000	190	381190.5	1950	0.5020015703638868	381190.5	1959	0.5043185006886433	762.0	0	0.0	1714.5	0	0.0	1714.5	0	0.0
CassandraWriteRequest	1000	191	383191.5	1980	0.5097246714464081	383191.5	1975	0.5084374879326546	766.0	0	0.0	1723.5	0	0.0	1723.5	0	0.0
CassandraWriteRequest	1000	192	385192.5	1981	0.5099821081491589	385192.5	1980	0.5097246714464081	770.0	0	0.0	1732.5	0	0.0	1732.5	0	0.0
CassandraWriteRequest	1000	193	387193.5	1937	0.49865489322812756	387193.5	1945	0.5007143868501333	774.0	0	0.0	1741.5	0	0.0	1741.5	0	0.0
CassandraWriteRequest	1000	194	389194.5	1992	0.5128139118794167	389194.5	2000	0.5148734055014224	778.0	0	0.0	1750.5	0	0.0	1750.5	0	0.0
CassandraWriteRequest	1000	195	391195.5	2000	0.5148734055014224	391195.5	1997	0.5141010953931703	782.0	0	0.0	1759.5	0	0.0	1759.5	0	0.0
CassandraWriteRequest	1000	196	393196.5	1994	0.5133287852849181	393196.5	1997	0.5141010953931703	786.0	0	0.0	1768.5	0	0.0	1768.5	0	0.0
CassandraWriteRequest	1000	197	395197.5	1999	0.5146159687986717	395197.5	1998	0.514358532095921	790.0	0	0.0	1777.5	0	0.0	1777.5	0	0.0
CassandraWriteRequest	1000	198	397198.5	1995	0.5135862219876688	397198.5	1993	0.5130713485821674	794.0	0	0.0	1786.5	0	0.0	1786.5	0	0.0
CassandraWriteRequest	1000	199	399199.5	1782	0.45875220430176733	399199.5	1785	0.45952451441001946	798.0	0	0.0	1795.5	0	0.0	1795.5	0	0.0
