'Request type'	'Load'	'Bucket'	'Start time'	'Absolute'	'Percent of requests'	'End time'	'Absolute'	'Percent of requests'	'Residence time'	'Absolute'	'Percent of requests'	'Theor. think time'	'Absolute'	'Percent of requests'	'Actual think time'	'Absolute'	'Percent of requests'
CassandraWriteRequest	4000	0	1500.0	6035	0.26148384172840167	1500.0	5971	0.2587108564971477	5.0	1774016	76.8643776251288	7.5	2307982	100.0	7.5	2307982	100.0
CassandraWriteRequest	4000	1	4500.0	10667	0.46217864784040774	4500.0	10678	0.46265525467702956	15.0	448962	19.452578053035076	22.5	0	0.0	22.5	0	0.0
CassandraWriteRequest	4000	2	7500.0	10351	0.4484870332610913	7500.0	10340	0.44801042642446953	25.0	51893	2.248414415710348	37.5	0	0.0	37.5	0	0.0
CassandraWriteRequest	4000	3	10500.0	11407	0.4942412895767818	10500.0	11407	0.4942412895767818	35.0	10757	0.46607815832185867	52.5	0	0.0	52.5	0	0.0
CassandraWriteRequest	4000	4	13500.0	10072	0.4363985507685935	13500.0	10072	0.4363985507685935	45.0	2934	0.12712404169529917	67.5	0	0.0	67.5	0	0.0
CassandraWriteRequest	4000	5	16500.0	11056	0.4790331986991233	16500.0	11070	0.4796397892184601	55.0	1653	0.07162100917598144	82.5	0	0.0	82.5	0	0.0
CassandraWriteRequest	4000	6	19500.0	11870	0.5143021046091347	19500.0	11889	0.5151253345996633	65.0	2076	0.08994870843880065	97.5	0	0.0	97.5	0	0.0
CassandraWriteRequest	4000	7	22500.0	11705	0.5071530020598081	22500.0	11681	0.5061131325980879	75.0	2010	0.08708906741907	112.5	0	0.0	112.5	0	0.0
CassandraWriteRequest	4000	8	25500.0	10899	0.4722307193037034	25500.0	10890	0.4718407682555583	85.0	2509	0.1087096866440033	127.5	0	0.0	127.5	0	0.0
CassandraWriteRequest	4000	9	28500.0	11788	0.5107492172815906	28500.0	11806	0.5115291193778808	95.0	1963	0.08505265638986786	142.5	0	0.0	142.5	0	0.0
CassandraWriteRequest	4000	10	31500.0	11213	0.4858356780945432	31500.0	11206	0.4855323828348748	105.0	2057	0.08912547844827212	157.5	0	0.0	157.5	0	0.0
CassandraWriteRequest	4000	11	34500.0	11767	0.5098393315025854	34500.0	11806	0.5115291193778808	115.0	1555	0.0673748755406238	172.5	0	0.0	172.5	0	0.0
CassandraWriteRequest	4000	12	37500.0	11620	0.503470131049549	37500.0	11581	0.5017803431742536	125.0	1534	0.06646498976161859	187.5	0	0.0	187.5	0	0.0
CassandraWriteRequest	4000	13	40500.0	11206	0.4855323828348748	40500.0	11195	0.485055775998253	135.0	1414	0.061265642453017397	202.5	0	0.0	202.5	0	0.0
CassandraWriteRequest	4000	14	43500.0	11936	0.5171617456288654	43500.0	12000	0.5199347308601193	145.0	944	0.040901532160996054	217.5	0	0.0	217.5	0	0.0
CassandraWriteRequest	4000	15	46500.0	11868	0.5142154488206581	46500.0	11824	0.5123090214741709	155.0	408	0.017677780849244058	232.5	0	0.0	232.5	0	0.0
CassandraWriteRequest	4000	16	49500.0	11038	0.4782532966028331	49500.0	11027	0.47777668976621135	165.0	338	0.014644828252560029	247.5	0	0.0	247.5	0	0.0
CassandraWriteRequest	4000	17	52500.0	11651	0.5048132957709376	52500.0	11644	0.5045100005112692	175.0	236	0.010225383040249014	262.5	0	0.0	262.5	0	0.0
CassandraWriteRequest	4000	18	55500.0	11768	0.5098826593968238	55500.0	11766	0.509796003608347	185.0	68	0.0029462968082073432	277.5	0	0.0	277.5	0	0.0
CassandraWriteRequest	4000	19	58500.0	11819	0.5120923820029792	58500.0	11838	0.5129156119935078	195.0	154	0.006672495712704865	292.5	0	0.0	292.5	0	0.0
CassandraWriteRequest	4000	20	61500.0	11180	0.48440585758467786	61500.0	11225	0.4863556128254033	205.0	130	0.005632626250984626	307.5	0	0.0	307.5	0	0.0
CassandraWriteRequest	4000	21	64500.0	11578	0.5016503594915385	64500.0	11520	0.4991373416257146	215.0	138	0.005979249404891373	322.5	0	0.0	322.5	0	0.0
CassandraWriteRequest	4000	22	67500.0	11587	0.5020403105396836	67500.0	11645	0.5045533284055075	225.0	49	0.0021230668176788208	337.5	0	0.0	337.5	0	0.0
CassandraWriteRequest	4000	23	70500.0	11974	0.5188082056099225	70500.0	11910	0.5160352203786684	235.0	12	5.199347308601194E-4	352.5	0	0.0	352.5	0	0.0
CassandraWriteRequest	4000	24	73500.0	11935	0.5171184177346271	73500.0	11999	0.519891402965881	245.0	1	4.332789423834328E-5	367.5	0	0.0	367.5	0	0.0
CassandraWriteRequest	4000	25	76500.0	11633	0.5040333936746474	76500.0	11617	0.5033401473668339	255.0	0	0.0	382.5	0	0.0	382.5	0	0.0
CassandraWriteRequest	4000	26	79500.0	11747	0.5089727736178186	79500.0	11763	0.509666019925632	265.0	0	0.0	397.5	0	0.0	397.5	0	0.0
CassandraWriteRequest	4000	27	82500.0	12000	0.5199347308601193	82500.0	11958	0.5181149593021089	275.0	0	0.0	412.5	0	0.0	412.5	0	0.0
CassandraWriteRequest	4000	28	85500.0	11801	0.511312479906689	85500.0	11779	0.5103592662334455	285.0	0	0.0	427.5	0	0.0	427.5	0	0.0
CassandraWriteRequest	4000	29	88500.0	11863	0.5139988093494663	88500.0	11866	0.5141287930321814	295.0	0	0.0	442.5	0	0.0	442.5	0	0.0
CassandraWriteRequest	4000	30	91500.0	11212	0.48579235020030487	91500.0	11273	0.4884353517488438	305.0	0	0.0	457.5	0	0.0	457.5	0	0.0
CassandraWriteRequest	4000	31	94500.0	11957	0.5180716314078706	94500.0	11896	0.5154286298593317	315.0	0	0.0	472.5	0	0.0	472.5	0	0.0
CassandraWriteRequest	4000	32	97500.0	11882	0.5148220393399948	97500.0	11889	0.5151253345996633	325.0	0	0.0	487.5	0	0.0	487.5	0	0.0
CassandraWriteRequest	4000	33	100500.0	11601	0.5026469010590204	100500.0	11591	0.502213622116637	335.0	0	0.0	502.5	0	0.0	502.5	0	0.0
CassandraWriteRequest	4000	34	103500.0	10189	0.4414679143944797	103500.0	10189	0.4414679143944797	345.0	0	0.0	517.5	0	0.0	517.5	0	0.0
CassandraWriteRequest	4000	35	106500.0	11517	0.49900735794299955	106500.0	11550	0.5004371784528648	355.0	0	0.0	532.5	0	0.0	532.5	0	0.0
CassandraWriteRequest	4000	36	109500.0	11230	0.486572252296595	109500.0	11261	0.4879154170179837	365.0	0	0.0	547.5	0	0.0	547.5	0	0.0
CassandraWriteRequest	4000	37	112500.0	11862	0.513955481455228	112500.0	11846	0.5132622351474145	375.0	0	0.0	562.5	0	0.0	562.5	0	0.0
CassandraWriteRequest	4000	38	115500.0	10720	0.46447502623503995	115500.0	10719	0.4644316983408016	385.0	0	0.0	577.5	0	0.0	577.5	0	0.0
CassandraWriteRequest	4000	39	118500.0	11938	0.5172484014173421	118500.0	11955	0.5179849756193939	395.0	0	0.0	592.5	0	0.0	592.5	0	0.0
CassandraWriteRequest	4000	40	121500.0	11023	0.47760337818925797	121500.0	10959	0.474830392958004	405.0	0	0.0	607.5	0	0.0	607.5	0	0.0
CassandraWriteRequest	4000	41	124500.0	11773	0.5100992988680154	124500.0	11806	0.5115291193778808	415.0	0	0.0	622.5	0	0.0	622.5	0	0.0
CassandraWriteRequest	4000	42	127500.0	11784	0.5105759057046372	127500.0	11775	0.5101859546564921	425.0	50	0.002166394711917164	637.5	0	0.0	637.5	0	0.0
CassandraWriteRequest	4000	43	130500.0	11804	0.511442463589404	130500.0	11829	0.5125256609453627	435.0	0	0.0	652.5	0	0.0	652.5	0	0.0
CassandraWriteRequest	4000	44	133500.0	11985	0.5192848124465442	133500.0	12000	0.5199347308601193	445.0	0	0.0	667.5	0	0.0	667.5	0	0.0
CassandraWriteRequest	4000	45	136500.0	11471	0.4970142748080358	136500.0	11416	0.49463124062492686	455.0	0	0.0	682.5	0	0.0	682.5	0	0.0
CassandraWriteRequest	4000	46	139500.0	11704	0.5071096741655697	139500.0	11752	0.5091894130890102	465.0	0	0.0	697.5	0	0.0	697.5	0	0.0
CassandraWriteRequest	4000	47	142500.0	11734	0.50840951099272	142500.0	11680	0.5060698047038495	475.0	0	0.0	712.5	0	0.0	712.5	0	0.0
CassandraWriteRequest	4000	48	145500.0	11843	0.5131322514646994	145500.0	11871	0.5143454325033731	485.0	0	0.0	727.5	0	0.0	727.5	0	0.0
CassandraWriteRequest	4000	49	148500.0	11228	0.48648559650811835	148500.0	11238	0.4869188754505018	495.0	2	8.665578847668656E-5	742.5	0	0.0	742.5	0	0.0
CassandraWriteRequest	4000	50	151500.0	11923	0.5165984830037669	151500.0	11937	0.5172050735231037	505.0	33	0.0014298205098653282	757.5	0	0.0	757.5	0	0.0
CassandraWriteRequest	4000	51	154500.0	11829	0.5125256609453627	154500.0	11792	0.510922528858544	515.0	3	1.2998368271502985E-4	772.5	0	0.0	772.5	0	0.0
CassandraWriteRequest	4000	52	157500.0	11881	0.5147787114457565	157500.0	11904	0.5157752530132385	525.0	3	1.2998368271502985E-4	787.5	0	0.0	787.5	0	0.0
CassandraWriteRequest	4000	53	160500.0	11753	0.5092327409832486	160500.0	11728	0.50814954362729	535.0	2	8.665578847668656E-5	802.5	0	0.0	802.5	0	0.0
CassandraWriteRequest	4000	54	163500.0	11519	0.4990940137314762	163500.0	11508	0.49861740689485445	545.0	3	1.2998368271502985E-4	817.5	0	0.0	817.5	0	0.0
CassandraWriteRequest	4000	55	166500.0	11508	0.49861740689485445	166500.0	11548	0.5003505226643882	555.0	1	4.332789423834328E-5	832.5	0	0.0	832.5	0	0.0
CassandraWriteRequest	4000	56	169500.0	11917	0.5163385156383369	169500.0	11907	0.5159052366959535	565.0	1	4.332789423834328E-5	847.5	0	0.0	847.5	0	0.0
CassandraWriteRequest	4000	57	172500.0	11787	0.5107058893873523	172500.0	11816	0.5119623983202642	575.0	2	8.665578847668656E-5	862.5	0	0.0	862.5	0	0.0
CassandraWriteRequest	4000	58	175500.0	11862	0.513955481455228	175500.0	11862	0.513955481455228	585.0	3	1.2998368271502985E-4	877.5	0	0.0	877.5	0	0.0
CassandraWriteRequest	4000	59	178500.0	11415	0.49458791273068853	178500.0	11368	0.4925515017014864	595.0	0	0.0	892.5	0	0.0	892.5	0	0.0
CassandraWriteRequest	4000	60	181500.0	11749	0.5090594294062952	181500.0	11751	0.5091460851947719	605.0	3	1.2998368271502985E-4	907.5	0	0.0	907.5	0	0.0
CassandraWriteRequest	4000	61	184500.0	11874	0.514475416186088	184500.0	11919	0.5164251714268135	615.0	3	1.2998368271502985E-4	922.5	0	0.0	922.5	0	0.0
CassandraWriteRequest	4000	62	187500.0	11791	0.5108792009643056	187500.0	11771	0.5100126430795388	625.0	3	1.2998368271502985E-4	937.5	0	0.0	937.5	0	0.0
CassandraWriteRequest	4000	63	190500.0	11732	0.5083228552042434	190500.0	11752	0.5091894130890102	635.0	2	8.665578847668656E-5	952.5	0	0.0	952.5	0	0.0
CassandraWriteRequest	4000	64	193500.0	10110	0.4380450107496506	193500.0	10053	0.435575320778065	645.0	0	0.0	967.5	0	0.0	967.5	0	0.0
CassandraWriteRequest	4000	65	196500.0	11147	0.4829760370748125	196500.0	11154	0.48327933233448095	655.0	0	0.0	982.5	0	0.0	982.5	0	0.0
CassandraWriteRequest	4000	66	199500.0	11842	0.5130889235704611	199500.0	11836	0.5128289562050311	665.0	0	0.0	997.5	0	0.0	997.5	0	0.0
CassandraWriteRequest	4000	67	202500.0	11104	0.4811129376225638	202500.0	11115	0.48158954445918556	675.0	0	0.0	1012.5	0	0.0	1012.5	0	0.0
CassandraWriteRequest	4000	68	205500.0	11852	0.5135222025128445	205500.0	11897	0.51547195775357	685.0	0	0.0	1027.5	0	0.0	1027.5	0	0.0
CassandraWriteRequest	4000	69	208500.0	12000	0.5199347308601193	208500.0	12000	0.5199347308601193	695.0	0	0.0	1042.5	0	0.0	1042.5	0	0.0
CassandraWriteRequest	4000	70	211500.0	11953	0.5178983198309173	211500.0	11891	0.5152119903881399	705.0	0	0.0	1057.5	0	0.0	1057.5	0	0.0
CassandraWriteRequest	4000	71	214500.0	11446	0.4959310774520772	214500.0	11452	0.49619104481750725	715.0	0	0.0	1072.5	0	0.0	1072.5	0	0.0
CassandraWriteRequest	4000	72	217500.0	11640	0.5043366889343158	217500.0	11661	0.505246574713321	725.0	7	3.0329525966840297E-4	1087.5	0	0.0	1087.5	0	0.0
CassandraWriteRequest	4000	73	220500.0	11592	0.5022569500108753	220500.0	11627	0.5037734263092173	735.0	28	0.0012131810386736119	1102.5	0	0.0	1102.5	0	0.0
CassandraWriteRequest	4000	74	223500.0	11807	0.5115724472721191	223500.0	11747	0.5089727736178186	745.0	0	0.0	1117.5	0	0.0	1117.5	0	0.0
CassandraWriteRequest	4000	75	226500.0	11940	0.5173350572058187	226500.0	12000	0.5199347308601193	755.0	0	0.0	1132.5	0	0.0	1132.5	0	0.0
CassandraWriteRequest	4000	76	229500.0	11936	0.5171617456288654	229500.0	11936	0.5171617456288654	765.0	0	0.0	1147.5	0	0.0	1147.5	0	0.0
CassandraWriteRequest	4000	77	232500.0	11964	0.518374926667539	232500.0	11916	0.5162951877440985	775.0	0	0.0	1162.5	0	0.0	1162.5	0	0.0
CassandraWriteRequest	4000	78	235500.0	10503	0.45507287318531947	235500.0	10487	0.454379626877506	785.0	0	0.0	1177.5	0	0.0	1177.5	0	0.0
CassandraWriteRequest	4000	79	238500.0	11596	0.5024302615878287	238500.0	11596	0.5024302615878287	795.0	0	0.0	1192.5	0	0.0	1192.5	0	0.0
CassandraWriteRequest	4000	80	241500.0	11033	0.4780366571316414	241500.0	11033	0.4780366571316414	805.0	0	0.0	1207.5	0	0.0	1207.5	0	0.0
CassandraWriteRequest	4000	81	244500.0	11936	0.5171617456288654	244500.0	12000	0.5199347308601193	815.0	0	0.0	1222.5	0	0.0	1222.5	0	0.0
CassandraWriteRequest	4000	82	247500.0	11378	0.49298478064386986	247500.0	11378	0.49298478064386986	825.0	0	0.0	1237.5	0	0.0	1237.5	0	0.0
CassandraWriteRequest	4000	83	250500.0	11881	0.5147787114457565	250500.0	11817	0.5120057262145026	835.0	0	0.0	1252.5	0	0.0	1252.5	0	0.0
CassandraWriteRequest	4000	84	253500.0	10896	0.47210073562098837	253500.0	10896	0.47210073562098837	845.0	0	0.0	1267.5	0	0.0	1267.5	0	0.0
CassandraWriteRequest	4000	85	256500.0	11683	0.5061997883865645	256500.0	11703	0.5070663462713314	855.0	0	0.0	1282.5	0	0.0	1282.5	0	0.0
CassandraWriteRequest	4000	86	259500.0	11746	0.5089294457235801	259500.0	11766	0.509796003608347	865.0	0	0.0	1297.5	0	0.0	1297.5	0	0.0
CassandraWriteRequest	4000	87	262500.0	11938	0.5172484014173421	262500.0	11962	0.5182882708790623	875.0	0	0.0	1312.5	0	0.0	1312.5	0	0.0
CassandraWriteRequest	4000	88	265500.0	12000	0.5199347308601193	265500.0	12000	0.5199347308601193	885.0	0	0.0	1327.5	0	0.0	1327.5	0	0.0
CassandraWriteRequest	4000	89	268500.0	12000	0.5199347308601193	268500.0	12000	0.5199347308601193	895.0	0	0.0	1342.5	0	0.0	1342.5	0	0.0
CassandraWriteRequest	4000	90	271500.0	11894	0.515341974070855	271500.0	11874	0.514475416186088	905.0	0	0.0	1357.5	0	0.0	1357.5	0	0.0
CassandraWriteRequest	4000	91	274500.0	11415	0.49458791273068853	274500.0	11371	0.4926814853842014	915.0	0	0.0	1372.5	0	0.0	1372.5	0	0.0
CassandraWriteRequest	4000	92	277500.0	10981	0.4757836066312476	277500.0	10989	0.4761302297851543	925.0	0	0.0	1387.5	0	0.0	1387.5	0	0.0
CassandraWriteRequest	4000	93	280500.0	11679	0.5060264768096112	280500.0	11735	0.5084528388869584	935.0	0	0.0	1402.5	0	0.0	1402.5	0	0.0
CassandraWriteRequest	4000	94	283500.0	11902	0.5156885972247617	283500.0	11902	0.5156885972247617	945.0	0	0.0	1417.5	0	0.0	1417.5	0	0.0
CassandraWriteRequest	4000	95	286500.0	11927	0.5167717945807203	286500.0	11924	0.5166418108980053	955.0	0	0.0	1432.5	0	0.0	1432.5	0	0.0
CassandraWriteRequest	4000	96	289500.0	11928	0.5168151224749586	289500.0	11923	0.5165984830037669	965.0	0	0.0	1447.5	0	0.0	1447.5	0	0.0
CassandraWriteRequest	4000	97	292500.0	11966	0.5184615824560157	292500.0	11974	0.5188082056099225	975.0	0	0.0	1462.5	0	0.0	1462.5	0	0.0
CassandraWriteRequest	4000	98	295500.0	11341	0.49138164855705113	295500.0	11315	0.4902551233068542	985.0	0	0.0	1477.5	0	0.0	1477.5	0	0.0
CassandraWriteRequest	4000	99	298500.0	11492	0.497924160587041	298500.0	11454	0.4962777006059839	995.0	0	0.0	1492.5	0	0.0	1492.5	0	0.0
CassandraWriteRequest	4000	100	301500.0	11697	0.5068063789059013	301500.0	11699	0.5068930346943781	1005.0	0	0.0	1507.5	0	0.0	1507.5	0	0.0
CassandraWriteRequest	4000	101	304500.0	11820	0.5121357098972176	304500.0	11882	0.5148220393399948	1015.0	0	0.0	1522.5	0	0.0	1522.5	0	0.0
CassandraWriteRequest	4000	102	307500.0	11764	0.5097093478198703	307500.0	11700	0.5069363625886164	1025.0	0	0.0	1537.5	0	0.0	1537.5	0	0.0
CassandraWriteRequest	4000	103	310500.0	11640	0.5043366889343158	310500.0	11640	0.5043366889343158	1035.0	0	0.0	1552.5	0	0.0	1552.5	0	0.0
CassandraWriteRequest	4000	104	313500.0	11661	0.505246574713321	313500.0	11725	0.5080195599445749	1045.0	0	0.0	1567.5	0	0.0	1567.5	0	0.0
CassandraWriteRequest	4000	105	316500.0	11869	0.5142587767148964	316500.0	11869	0.5142587767148964	1055.0	0	0.0	1582.5	0	0.0	1582.5	0	0.0
CassandraWriteRequest	4000	106	319500.0	11147	0.4829760370748125	319500.0	11083	0.48020305184355855	1065.0	0	0.0	1597.5	0	0.0	1597.5	0	0.0
CassandraWriteRequest	4000	107	322500.0	11829	0.5125256609453627	322500.0	11836	0.5128289562050311	1075.0	0	0.0	1612.5	0	0.0	1612.5	0	0.0
CassandraWriteRequest	4000	108	325500.0	11879	0.5146920556572798	325500.0	11891	0.5152119903881399	1085.0	0	0.0	1627.5	0	0.0	1627.5	0	0.0
CassandraWriteRequest	4000	109	328500.0	11903	0.515731925119	328500.0	11943	0.5174650408885338	1095.0	0	0.0	1642.5	0	0.0	1642.5	0	0.0
CassandraWriteRequest	4000	110	331500.0	11980	0.5190681729753525	331500.0	11979	0.5190248450811141	1105.0	0	0.0	1657.5	0	0.0	1657.5	0	0.0
CassandraWriteRequest	4000	111	334500.0	11483	0.4975342095388959	334500.0	11425	0.49502119167307196	1115.0	0	0.0	1672.5	0	0.0	1672.5	0	0.0
CassandraWriteRequest	4000	112	337500.0	8303	0.35975150586096427	337500.0	8367	0.36252449109221824	1125.0	0	0.0	1687.5	0	0.0	1687.5	0	0.0
CassandraWriteRequest	4000	113	340500.0	9838	0.4262598235168212	340500.0	9774	0.4234868382855672	1135.0	0	0.0	1702.5	0	0.0	1702.5	0	0.0
CassandraWriteRequest	4000	114	343500.0	11936	0.5171617456288654	343500.0	12000	0.5199347308601193	1145.0	0	0.0	1717.5	0	0.0	1717.5	0	0.0
CassandraWriteRequest	4000	115	346500.0	11795	0.5110525125412589	346500.0	11795	0.5110525125412589	1155.0	0	0.0	1732.5	0	0.0	1732.5	0	0.0
CassandraWriteRequest	4000	116	349500.0	11952	0.5178549919366788	349500.0	11952	0.5178549919366788	1165.0	0	0.0	1747.5	0	0.0	1747.5	0	0.0
CassandraWriteRequest	4000	117	352500.0	11977	0.5189381892926375	352500.0	11977	0.5189381892926375	1175.0	0	0.0	1762.5	0	0.0	1762.5	0	0.0
CassandraWriteRequest	4000	118	355500.0	11222	0.4862256291426883	355500.0	11162	0.4836259554883877	1185.0	0	0.0	1777.5	0	0.0	1777.5	0	0.0
CassandraWriteRequest	4000	119	358500.0	11243	0.4871355149216935	358500.0	11253	0.4875687938640769	1195.0	9	3.899510481450895E-4	1792.5	0	0.0	1792.5	0	0.0
CassandraWriteRequest	4000	120	361500.0	11877	0.5146053998688032	361500.0	11902	0.5156885972247617	1205.0	1	4.332789423834328E-5	1807.5	0	0.0	1807.5	0	0.0
CassandraWriteRequest	4000	121	364500.0	11780	0.5104025941276839	364500.0	11745	0.5088861178293418	1215.0	0	0.0	1822.5	0	0.0	1822.5	0	0.0
CassandraWriteRequest	4000	122	367500.0	11819	0.5120923820029792	367500.0	11875	0.5145187440803265	1225.0	0	0.0	1837.5	0	0.0	1837.5	0	0.0
CassandraWriteRequest	4000	123	370500.0	11827	0.512439005156886	370500.0	11767	0.5098393315025854	1235.0	0	0.0	1852.5	0	0.0	1852.5	0	0.0
CassandraWriteRequest	4000	124	373500.0	11488	0.4977508490100876	373500.0	11488	0.4977508490100876	1245.0	0	0.0	1867.5	0	0.0	1867.5	0	0.0
CassandraWriteRequest	4000	125	376500.0	11359	0.49216155065334133	376500.0	11406	0.49419796168254343	1255.0	0	0.0	1882.5	0	0.0	1882.5	0	0.0
CassandraWriteRequest	4000	126	379500.0	11983	0.5191981566580676	379500.0	12000	0.5199347308601193	1265.0	0	0.0	1897.5	0	0.0	1897.5	0	0.0
CassandraWriteRequest	4000	127	382500.0	12000	0.5199347308601193	382500.0	12000	0.5199347308601193	1275.0	0	0.0	1912.5	0	0.0	1912.5	0	0.0
CassandraWriteRequest	4000	128	385500.0	11781	0.5104459220219222	385500.0	11759	0.5094927083486787	1285.0	0	0.0	1927.5	0	0.0	1927.5	0	0.0
CassandraWriteRequest	4000	129	388500.0	11500	0.49827078374094774	388500.0	11472	0.4970576027022741	1295.0	0	0.0	1942.5	0	0.0	1942.5	0	0.0
CassandraWriteRequest	4000	130	391500.0	11652	0.5048566236651759	391500.0	11670	0.5056365257614661	1305.0	0	0.0	1957.5	0	0.0	1957.5	0	0.0
CassandraWriteRequest	4000	131	394500.0	11653	0.5048999515594143	394500.0	11628	0.5038167542034556	1315.0	0	0.0	1972.5	0	0.0	1972.5	0	0.0
CassandraWriteRequest	4000	132	397500.0	11687	0.5063730999635179	397500.0	11685	0.5062864441750412	1325.0	0	0.0	1987.5	0	0.0	1987.5	0	0.0
CassandraWriteRequest	4000	133	400500.0	11853	0.5135655304070829	400500.0	11848	0.5133488909358912	1335.0	0	0.0	2002.5	0	0.0	2002.5	0	0.0
CassandraWriteRequest	4000	134	403500.0	11679	0.5060264768096112	403500.0	11679	0.5060264768096112	1345.0	0	0.0	2017.5	0	0.0	2017.5	0	0.0
CassandraWriteRequest	4000	135	406500.0	11705	0.5071530020598081	406500.0	11769	0.5099259872910621	1355.0	0	0.0	2032.5	0	0.0	2032.5	0	0.0
CassandraWriteRequest	4000	136	409500.0	11878	0.5146487277630415	409500.0	11878	0.5146487277630415	1365.0	0	0.0	2047.5	0	0.0	2047.5	0	0.0
CassandraWriteRequest	4000	137	412500.0	11970	0.518634894032969	412500.0	11915	0.5162518598498602	1375.0	0	0.0	2062.5	0	0.0	2062.5	0	0.0
CassandraWriteRequest	4000	138	415500.0	11281	0.48878197490275055	415500.0	11275	0.4885220075373205	1385.0	0	0.0	2077.5	0	0.0	2077.5	0	0.0
CassandraWriteRequest	4000	139	418500.0	11420	0.49480455220188024	418500.0	11422	0.49489120799035696	1395.0	0	0.0	2092.5	0	0.0	2092.5	0	0.0
CassandraWriteRequest	4000	140	421500.0	11121	0.4818495118246156	421500.0	11165	0.4837559391711027	1405.0	0	0.0	2107.5	0	0.0	2107.5	0	0.0
CassandraWriteRequest	4000	141	424500.0	11985	0.5192848124465442	424500.0	12000	0.5199347308601193	1415.0	0	0.0	2122.5	0	0.0	2122.5	0	0.0
CassandraWriteRequest	4000	142	427500.0	12000	0.5199347308601193	427500.0	12000	0.5199347308601193	1425.0	0	0.0	2137.5	0	0.0	2137.5	0	0.0
CassandraWriteRequest	4000	143	430500.0	12000	0.5199347308601193	430500.0	12000	0.5199347308601193	1435.0	0	0.0	2152.5	0	0.0	2152.5	0	0.0
CassandraWriteRequest	4000	144	433500.0	11627	0.5037734263092173	433500.0	11563	0.5010004410779634	1445.0	0	0.0	2167.5	0	0.0	2167.5	0	0.0
CassandraWriteRequest	4000	145	436500.0	11567	0.5011737526549167	436500.0	11567	0.5011737526549167	1455.0	0	0.0	2182.5	0	0.0	2182.5	0	0.0
CassandraWriteRequest	4000	146	439500.0	11586	0.5019969826454452	439500.0	11586	0.5019969826454452	1465.0	0	0.0	2197.5	0	0.0	2197.5	0	0.0
CassandraWriteRequest	4000	147	442500.0	11936	0.5171617456288654	442500.0	12000	0.5199347308601193	1475.0	0	0.0	2212.5	0	0.0	2212.5	0	0.0
CassandraWriteRequest	4000	148	445500.0	11837	0.5128722840992694	445500.0	11778	0.5103159383392072	1485.0	0	0.0	2227.5	0	0.0	2227.5	0	0.0
CassandraWriteRequest	4000	149	448500.0	11775	0.5101859546564921	448500.0	11825	0.5123523493684092	1495.0	0	0.0	2242.5	0	0.0	2242.5	0	0.0
CassandraWriteRequest	4000	150	451500.0	11842	0.5130889235704611	451500.0	11851	0.5134788746186062	1505.0	0	0.0	2257.5	0	0.0	2257.5	0	0.0
CassandraWriteRequest	4000	151	454500.0	11495	0.498054144269756	454500.0	11435	0.4954544706154554	1515.0	0	0.0	2272.5	0	0.0	2272.5	0	0.0
CassandraWriteRequest	4000	152	457500.0	11928	0.5168151224749586	457500.0	11966	0.5184615824560157	1525.0	0	0.0	2287.5	0	0.0	2287.5	0	0.0
CassandraWriteRequest	4000	153	460500.0	11645	0.5045533284055075	460500.0	11603	0.5027335568474971	1535.0	0	0.0	2302.5	0	0.0	2302.5	0	0.0
CassandraWriteRequest	4000	154	463500.0	11266	0.4881320564891754	463500.0	11287	0.4890419422681806	1545.0	0	0.0	2317.5	0	0.0	2317.5	0	0.0
CassandraWriteRequest	4000	155	466500.0	11757	0.509406052560202	466500.0	11782	0.5104892499161605	1555.0	0	0.0	2332.5	0	0.0	2332.5	0	0.0
CassandraWriteRequest	4000	156	469500.0	11341	0.49138164855705113	469500.0	11308	0.4899518280471858	1565.0	0	0.0	2347.5	0	0.0	2347.5	0	0.0
CassandraWriteRequest	4000	157	472500.0	11913	0.5161652040613834	472500.0	11900	0.515601941436285	1575.0	0	0.0	2362.5	0	0.0	2362.5	0	0.0
CassandraWriteRequest	4000	158	475500.0	11936	0.5171617456288654	475500.0	12000	0.5199347308601193	1585.0	0	0.0	2377.5	0	0.0	2377.5	0	0.0
CassandraWriteRequest	4000	159	478500.0	10549	0.45706595632028324	478500.0	10485	0.4542929710890293	1595.0	0	0.0	2392.5	0	0.0	2392.5	0	0.0
CassandraWriteRequest	4000	160	481500.0	11740	0.5086694783581501	481500.0	11804	0.511442463589404	1605.0	0	0.0	2407.5	0	0.0	2407.5	0	0.0
CassandraWriteRequest	4000	161	484500.0	11938	0.5172484014173421	484500.0	11938	0.5172484014173421	1615.0	0	0.0	2422.5	0	0.0	2422.5	0	0.0
CassandraWriteRequest	4000	162	487500.0	11948	0.5176816803597255	487500.0	11948	0.5176816803597255	1625.0	0	0.0	2437.5	0	0.0	2437.5	0	0.0
CassandraWriteRequest	4000	163	490500.0	11436	0.4954977985096938	490500.0	11372	0.49272481327843975	1635.0	0	0.0	2452.5	0	0.0	2452.5	0	0.0
CassandraWriteRequest	4000	164	493500.0	11840	0.5130022677819844	493500.0	11904	0.5157752530132385	1645.0	0	0.0	2467.5	0	0.0	2467.5	0	0.0
CassandraWriteRequest	4000	165	496500.0	11955	0.5179849756193939	496500.0	11919	0.5164251714268135	1655.0	0	0.0	2482.5	0	0.0	2482.5	0	0.0
CassandraWriteRequest	4000	166	499500.0	11460	0.49653766797141397	499500.0	11437	0.4955411264039321	1665.0	0	0.0	2497.5	0	0.0	2497.5	0	0.0
CassandraWriteRequest	4000	167	502500.0	11374	0.4928114690669165	502500.0	11386	0.49333140379777657	1675.0	0	0.0	2512.5	0	0.0	2512.5	0	0.0
CassandraWriteRequest	4000	168	505500.0	11944	0.5175083687827722	505500.0	11991	0.5195447798119742	1685.0	0	0.0	2527.5	0	0.0	2527.5	0	0.0
CassandraWriteRequest	4000	169	508500.0	11566	0.5011304247606784	508500.0	11566	0.5011304247606784	1695.0	0	0.0	2542.5	0	0.0	2542.5	0	0.0
CassandraWriteRequest	4000	170	511500.0	12000	0.5199347308601193	511500.0	12000	0.5199347308601193	1705.0	0	0.0	2557.5	0	0.0	2557.5	0	0.0
CassandraWriteRequest	4000	171	514500.0	11753	0.5092327409832486	514500.0	11709	0.5073263136367615	1715.0	0	0.0	2572.5	0	0.0	2572.5	0	0.0
CassandraWriteRequest	4000	172	517500.0	11818	0.5120490541087409	517500.0	11862	0.513955481455228	1725.0	0	0.0	2587.5	0	0.0	2587.5	0	0.0
CassandraWriteRequest	4000	173	520500.0	11510	0.4987040626833312	520500.0	11446	0.4959310774520772	1735.0	0	0.0	2602.5	0	0.0	2602.5	0	0.0
CassandraWriteRequest	4000	174	523500.0	11654	0.5049432794536526	523500.0	11718	0.5077162646849066	1745.0	0	0.0	2617.5	0	0.0	2617.5	0	0.0
CassandraWriteRequest	4000	175	526500.0	11957	0.5180716314078706	526500.0	11952	0.5178549919366788	1755.0	0	0.0	2632.5	0	0.0	2632.5	0	0.0
CassandraWriteRequest	4000	176	529500.0	11928	0.5168151224749586	529500.0	11878	0.5146487277630415	1765.0	0	0.0	2647.5	0	0.0	2647.5	0	0.0
CassandraWriteRequest	4000	177	532500.0	11328	0.49081838593195265	532500.0	11359	0.49216155065334133	1775.0	0	0.0	2662.5	0	0.0	2662.5	0	0.0
CassandraWriteRequest	4000	178	535500.0	11396	0.49376468274016	535500.0	11420	0.49480455220188024	1785.0	0	0.0	2677.5	0	0.0	2677.5	0	0.0
CassandraWriteRequest	4000	179	538500.0	11324	0.4906450743549993	538500.0	11266	0.4881320564891754	1795.0	0	0.0	2692.5	0	0.0	2692.5	0	0.0
CassandraWriteRequest	4000	180	541500.0	11647	0.5046399841939841	541500.0	11705	0.5071530020598081	1805.0	0	0.0	2707.5	0	0.0	2707.5	0	0.0
CassandraWriteRequest	4000	181	544500.0	12000	0.5199347308601193	544500.0	12000	0.5199347308601193	1815.0	0	0.0	2722.5	0	0.0	2722.5	0	0.0
CassandraWriteRequest	4000	182	547500.0	11925	0.5166851387922436	547500.0	11887	0.5150386788111866	1825.0	0	0.0	2737.5	0	0.0	2737.5	0	0.0
CassandraWriteRequest	4000	183	550500.0	11237	0.48687554755626344	550500.0	11211	0.48574902230606654	1835.0	0	0.0	2752.5	0	0.0	2752.5	0	0.0
CassandraWriteRequest	4000	184	553500.0	11739	0.5086261504639118	553500.0	11744	0.5088427899351035	1845.0	0	0.0	2767.5	0	0.0	2767.5	0	0.0
CassandraWriteRequest	4000	185	556500.0	11608	0.5029501963186888	556500.0	11611	0.5030801800014039	1855.0	0	0.0	2782.5	0	0.0	2782.5	0	0.0
CassandraWriteRequest	4000	186	559500.0	11297	0.489475221210564	559500.0	11289	0.48912859805665726	1865.0	0	0.0	2797.5	0	0.0	2797.5	0	0.0
CassandraWriteRequest	4000	187	562500.0	11831	0.5126123167338393	562500.0	11882	0.5148220393399948	1875.0	0	0.0	2812.5	0	0.0	2812.5	0	0.0
CassandraWriteRequest	4000	188	565500.0	11835	0.5127856283107927	565500.0	11831	0.5126123167338393	1885.0	0	0.0	2827.5	0	0.0	2827.5	0	0.0
CassandraWriteRequest	4000	189	568500.0	11856	0.513695514089798	568500.0	11871	0.5143454325033731	1895.0	0	0.0	2842.5	0	0.0	2842.5	0	0.0
CassandraWriteRequest	4000	190	571500.0	5549	0.24042648512856685	571500.0	5551	0.24051314091704354	1905.0	0	0.0	2857.5	0	0.0	2857.5	0	0.0
CassandraWriteRequest	4000	191	574500.0	10429	0.4518666090116821	574500.0	10415	0.45126001849234526	1915.0	0	0.0	2872.5	0	0.0	2872.5	0	0.0
CassandraWriteRequest	4000	192	577500.0	11340	0.4913383206628128	577500.0	11354	0.4919449111821496	1925.0	0	0.0	2887.5	0	0.0	2887.5	0	0.0
CassandraWriteRequest	4000	193	580500.0	11926	0.516728466686482	580500.0	11905	0.5158185809074768	1935.0	0	0.0	2902.5	0	0.0	2902.5	0	0.0
CassandraWriteRequest	4000	194	583500.0	11575	0.5015203758088235	583500.0	11570	0.5013037363376317	1945.0	0	0.0	2917.5	0	0.0	2917.5	0	0.0
CassandraWriteRequest	4000	195	586500.0	11946	0.5175950245712488	586500.0	11971	0.5186782219272074	1955.0	12	5.199347308601194E-4	2932.5	0	0.0	2932.5	0	0.0
CassandraWriteRequest	4000	196	589500.0	11600	0.502603573164782	589500.0	11570	0.5013037363376317	1965.0	0	0.0	2947.5	0	0.0	2947.5	0	0.0
CassandraWriteRequest	4000	197	592500.0	11661	0.505246574713321	592500.0	11633	0.5040333936746474	1975.0	0	0.0	2962.5	0	0.0	2962.5	0	0.0
CassandraWriteRequest	4000	198	595500.0	11562	0.500957113183725	595500.0	11591	0.502213622116637	1985.0	0	0.0	2977.5	0	0.0	2977.5	0	0.0
CassandraWriteRequest	4000	199	598500.0	11835	0.5127856283107927	598500.0	11865	0.5140854651379431	1995.0	0	0.0	2992.5	0	0.0	2992.5	0	0.0
