'Request type'	'Load'	'Bucket'	'Start time'	'Absolute'	'Percent of requests'	'End time'	'Absolute'	'Percent of requests'	'Residence time'	'Absolute'	'Percent of requests'	'Theor. think time'	'Absolute'	'Percent of requests'	'Actual think time'	'Absolute'	'Percent of requests'
CassandraWriteRequest	1500	0	1000.5	1764	0.3120726471155394	1000.5	1700	0.3007502835013702	1.5	105825	18.721705147960293	5.5	565253	99.99999999999999	5.5	565253	99.99999999999999
CassandraWriteRequest	1500	1	3001.5	2178	0.3853141867446966	3001.5	2182	0.3860218344705822	4.5	111829	19.783884384514543	16.5	0	0.0	16.5	0	0.0
CassandraWriteRequest	1500	2	5002.5	2822	0.4992454706122745	5002.5	2832	0.5010145899269884	7.5	71157	12.588522307709997	27.5	0	0.0	27.5	0	0.0
CassandraWriteRequest	1500	3	7003.5	2352	0.41609686282071917	7003.5	2346	0.4150353912318908	10.5	50751	8.978457434104728	38.5	0	0.0	38.5	0	0.0
CassandraWriteRequest	1500	4	9004.5	2528	0.44723336275968456	9004.5	2558	0.4525407207038264	13.5	38783	6.861175438255081	49.5	0	0.0	49.5	0	0.0
CassandraWriteRequest	1500	5	11005.5	2739	0.48456178030014874	11005.5	2702	0.47801603883570715	16.5	29915	5.2923204299667574	60.5	0	0.0	60.5	0	0.0
CassandraWriteRequest	1500	6	13006.5	2823	0.4994223825437459	13006.5	2858	0.5056143001452447	19.5	23131	4.09214988686482	71.5	0	0.0	71.5	0	0.0
CassandraWriteRequest	1500	7	15007.5	2848	0.5038451808305308	15007.5	2845	0.5033144450361166	22.5	17762	3.142309726794904	82.5	0	0.0	82.5	0	0.0
CassandraWriteRequest	1500	8	17008.5	2757	0.48774619506663386	17008.5	2733	0.4835003087113204	25.5	13974	2.4721673303812626	93.5	0	0.0	93.5	0	0.0
CassandraWriteRequest	1500	9	19009.5	2675	0.4732394166859795	19009.5	2728	0.4826157490539634	28.5	11329	2.004235271639425	104.5	0	0.0	104.5	0	0.0
CassandraWriteRequest	1500	10	21010.5	2793	0.49411502459960405	21010.5	2795	0.49446884846254685	31.5	9593	1.6971161586050847	115.5	0	0.0	115.5	0	0.0
CassandraWriteRequest	1500	11	23011.5	2927	0.5178212234167708	23011.5	2927	0.5178212234167708	34.5	8111	1.4349326761644785	126.5	0	0.0	126.5	0	0.0
CassandraWriteRequest	1500	12	25012.5	2801	0.4955303200513752	25012.5	2737	0.48420795643720593	37.5	7120	1.2596129520763268	137.5	0	0.0	137.5	0	0.0
CassandraWriteRequest	1500	13	27013.5	2875	0.5086218029802584	27013.5	2911	0.5149906325132285	40.5	6248	1.105345747833271	148.5	0	0.0	148.5	0	0.0
CassandraWriteRequest	1500	14	29014.5	2927	0.5178212234167708	29014.5	2955	0.5227747574979699	43.5	5483	0.9700081202576545	159.5	0	0.0	159.5	0	0.0
CassandraWriteRequest	1500	15	31015.5	2922	0.5169366637594139	31015.5	2887	0.5107447461579151	46.5	4754	0.8410393222150081	170.5	0	0.0	170.5	0	0.0
CassandraWriteRequest	1500	16	33016.5	2964	0.5243669648812125	33016.5	2999	0.5305588824827112	49.5	4057	0.7177317059794464	181.5	0	0.0	181.5	0	0.0
CassandraWriteRequest	1500	17	35017.5	2957	0.5231285813609127	35017.5	2928	0.5179981353482422	52.5	3549	0.6278604447919781	192.5	0	0.0	192.5	0	0.0
CassandraWriteRequest	1500	18	37018.5	2373	0.41981201338161844	37018.5	2344	0.414681567368948	55.5	3183	0.5631106778734478	203.5	0	0.0	203.5	0	0.0
CassandraWriteRequest	1500	19	39019.5	2909	0.5146368086502857	39019.5	2967	0.5248977006756266	58.5	2920	0.5165828398964711	214.5	0	0.0	214.5	0	0.0
CassandraWriteRequest	1500	20	41020.5	2941	0.5202979904573704	41020.5	2926	0.5176443114852994	61.5	2655	0.46970117805655165	225.5	0	0.0	225.5	0	0.0
CassandraWriteRequest	1500	21	43021.5	2595	0.459086462168268	43021.5	2610	0.4617401411403389	64.5	2317	0.4099049452192204	236.5	0	0.0	236.5	0	0.0
CassandraWriteRequest	1500	22	45022.5	2984	0.5279052035106403	45022.5	2983	0.5277282915791689	67.5	2236	0.39557507877003745	247.5	0	0.0	247.5	0	0.0
CassandraWriteRequest	1500	23	47023.5	2999	0.5305588824827112	47023.5	2995	0.5298512347568257	70.5	2004	0.354531510668674	258.5	0	0.0	258.5	0	0.0
CassandraWriteRequest	1500	24	49024.5	2995	0.5298512347568257	49024.5	3000	0.5307357944141826	73.5	1853	0.3278178090164935	269.5	0	0.0	269.5	0	0.0
CassandraWriteRequest	1500	25	51025.5	2182	0.3860218344705822	51025.5	2118	0.3746994708564129	76.5	1888	0.3340097266179923	280.5	0	0.0	280.5	0	0.0
CassandraWriteRequest	1500	26	53026.5	2882	0.5098601865005581	53026.5	2946	0.5211825501147274	79.5	1843	0.3260486897017795	291.5	0	0.0	291.5	0	0.0
CassandraWriteRequest	1500	27	55027.5	3000	0.5307357944141826	55027.5	3000	0.5307357944141826	82.5	1736	0.30711911303434036	302.5	0	0.0	302.5	0	0.0
CassandraWriteRequest	1500	28	57028.5	2097	0.37098432029551365	57028.5	2040	0.3609003402016442	85.5	1581	0.27969776365627425	313.5	0	0.0	313.5	0	0.0
CassandraWriteRequest	1500	29	59029.5	2936	0.5194134308000135	59029.5	2993	0.5294974108938829	88.5	1551	0.2743904057121324	324.5	0	0.0	324.5	0	0.0
CassandraWriteRequest	1500	30	61030.5	2890	0.5112754819523293	61030.5	2826	0.49995311833816003	91.5	1427	0.25245332620967953	335.5	0	0.0	335.5	0	0.0
CassandraWriteRequest	1500	31	63031.5	2920	0.5165828398964711	63031.5	2980	0.5271975557847548	94.5	1587	0.2807592352451026	346.5	0	0.0	346.5	0	0.0
CassandraWriteRequest	1500	32	65032.5	2894	0.5119831296782148	65032.5	2875	0.5086218029802584	97.5	1575	0.2786362920674459	357.5	0	0.0	357.5	0	0.0
CassandraWriteRequest	1500	33	67033.5	2869	0.50756033139143	67033.5	2892	0.5116293058152721	100.5	1571	0.2779286443415603	368.5	0	0.0	368.5	0	0.0
CassandraWriteRequest	1500	34	69034.5	2803	0.49588414391431795	69034.5	2799	0.4951764961884324	103.5	1333	0.23582360465136848	379.5	0	0.0	379.5	0	0.0
CassandraWriteRequest	1500	35	71035.5	2956	0.5229516694294413	71035.5	2943	0.5206518143203132	106.5	934	0.1652357439942822	390.5	0	0.0	390.5	0	0.0
CassandraWriteRequest	1500	36	73036.5	2784	0.4925228172163615	73036.5	2797	0.4948226723254896	109.5	730	0.12914570997411778	401.5	0	0.0	401.5	0	0.0
CassandraWriteRequest	1500	37	75037.5	2837	0.5018991495843453	75037.5	2801	0.4955303200513752	112.5	643	0.11375437193610648	412.5	0	0.0	412.5	0	0.0
CassandraWriteRequest	1500	38	77038.5	2866	0.5070295955970158	77038.5	2906	0.5141060728558716	115.5	551	0.09747847424073822	423.5	0	0.0	423.5	0	0.0
CassandraWriteRequest	1500	39	79039.5	3000	0.5307357944141826	79039.5	3000	0.5307357944141826	118.5	480	0.08491772710626923	434.5	0	0.0	434.5	0	0.0
CassandraWriteRequest	1500	40	81040.5	2767	0.48951531438134777	81040.5	2762	0.4886307547239908	121.5	470	0.08314860779155528	445.5	0	0.0	445.5	0	0.0
CassandraWriteRequest	1500	41	83041.5	2990	0.5289666750994687	83041.5	2986	0.5282590273735831	124.5	318	0.05625799420790336	456.5	0	0.0	456.5	0	0.0
CassandraWriteRequest	1500	42	85042.5	2898	0.5126907774041004	85042.5	2881	0.5096832745690867	127.5	289	0.05112754819523293	467.5	0	0.0	467.5	0	0.0
CassandraWriteRequest	1500	43	87043.5	2814	0.4978301751605033	87043.5	2814	0.4978301751605033	130.5	250	0.044227982867848556	478.5	0	0.0	478.5	0	0.0
CassandraWriteRequest	1500	44	89044.5	2965	0.5245438768126839	89044.5	2970	0.5254284364700408	133.5	194	0.03432091470545048	489.5	0	0.0	489.5	0	0.0
CassandraWriteRequest	1500	45	91045.5	2709	0.4792544223560069	91045.5	2668	0.47200103316567976	136.5	232	0.041043568101363455	500.5	0	0.0	500.5	0	0.0
CassandraWriteRequest	1500	46	93046.5	2799	0.4951764961884324	93046.5	2836	0.5017222376528739	139.5	205	0.036266945951635814	511.5	0	0.0	511.5	0	0.0
CassandraWriteRequest	1500	47	95047.5	2948	0.5215363739776702	95047.5	2967	0.5248977006756266	142.5	203	0.035913122088693024	522.5	0	0.0	522.5	0	0.0
CassandraWriteRequest	1500	48	97048.5	2707	0.47890059849306416	97048.5	2703	0.47819295076717855	145.5	204	0.03609003402016442	533.5	0	0.0	533.5	0	0.0
CassandraWriteRequest	1500	49	99049.5	2960	0.5236593171553269	99049.5	2939	0.5199441665944275	148.5	154	0.02724443744659471	544.5	0	0.0	544.5	0	0.0
CassandraWriteRequest	1500	50	101050.5	2958	0.5233054932923841	101050.5	2986	0.5282590273735831	151.5	141	0.024944582337466582	555.5	0	0.0	555.5	0	0.0
CassandraWriteRequest	1500	51	103051.5	2904	0.5137522489929288	103051.5	2907	0.514282984787343	154.5	128	0.02264472722833846	566.5	0	0.0	566.5	0	0.0
CassandraWriteRequest	1500	52	105052.5	2994	0.5296743228253543	105052.5	2986	0.5282590273735831	157.5	118	0.020875607913624517	577.5	0	0.0	577.5	0	0.0
CassandraWriteRequest	1500	53	107053.5	2941	0.5202979904573704	107053.5	2946	0.5211825501147274	160.5	104	0.018398840873025	588.5	0	0.0	588.5	0	0.0
CassandraWriteRequest	1500	54	109054.5	2991	0.5291435870309401	109054.5	2993	0.5294974108938829	163.5	108	0.019106488598910575	599.5	0	0.0	599.5	0	0.0
CassandraWriteRequest	1500	55	111055.5	2516	0.44511041958202785	111055.5	2471	0.4371493826658151	166.5	101	0.017868105078610814	610.5	0	0.0	610.5	0	0.0
CassandraWriteRequest	1500	56	113056.5	2936	0.5194134308000135	113056.5	2982	0.5275513796476975	169.5	139	0.024590758474523796	621.5	0	0.0	621.5	0	0.0
CassandraWriteRequest	1500	57	115057.5	2767	0.48951531438134777	115057.5	2716	0.48049280587630666	172.5	100	0.01769119314713942	632.5	0	0.0	632.5	0	0.0
CassandraWriteRequest	1500	58	117058.5	2600	0.45997102182562494	117058.5	2611	0.4619170530718103	175.5	76	0.01344530679182596	643.5	0	0.0	643.5	0	0.0
CassandraWriteRequest	1500	59	119059.5	2849	0.5040220927620022	119059.5	2846	0.503491356967588	178.5	94	0.016629721558311057	654.5	0	0.0	654.5	0	0.0
CassandraWriteRequest	1500	60	121060.5	2785	0.4926997291478329	121060.5	2807	0.49659179164020356	181.5	96	0.016983545421253844	665.5	0	0.0	665.5	0	0.0
CassandraWriteRequest	1500	61	123061.5	2772	0.4903998740387048	123061.5	2756	0.48756928313516246	184.5	83	0.01468369031212572	676.5	0	0.0	676.5	0	0.0
CassandraWriteRequest	1500	62	125062.5	2761	0.4884538427925194	125062.5	2757	0.48774619506663386	187.5	97	0.01716045735272524	687.5	0	0.0	687.5	0	0.0
CassandraWriteRequest	1500	63	127063.5	2660	0.4705857377139086	127063.5	2701	0.47783912690423574	190.5	100	0.01769119314713942	698.5	0	0.0	698.5	0	0.0
CassandraWriteRequest	1500	64	129064.5	3000	0.5307357944141826	129064.5	3000	0.5307357944141826	193.5	80	0.014152954517711537	709.5	0	0.0	709.5	0	0.0
CassandraWriteRequest	1500	65	131065.5	2999	0.5305588824827112	131065.5	2992	0.5293204989624115	196.5	93	0.016452809626839662	720.5	0	0.0	720.5	0	0.0
CassandraWriteRequest	1500	66	133066.5	2986	0.5282590273735831	133066.5	2993	0.5294974108938829	199.5	94	0.016629721558311057	731.5	0	0.0	731.5	0	0.0
CassandraWriteRequest	1500	67	135067.5	2313	0.40919729749333483	135067.5	2249	0.39787493387916556	202.5	59	0.010437803956812259	742.5	0	0.0	742.5	0	0.0
CassandraWriteRequest	1500	68	137068.5	1468	0.2597067154000067	137068.5	1468	0.2597067154000067	205.5	65	0.011499275545640624	753.5	0	0.0	753.5	0	0.0
CassandraWriteRequest	1500	69	139069.5	1556	0.2752749653694894	139069.5	1556	0.2752749653694894	208.5	36	0.006368829532970192	764.5	0	0.0	764.5	0	0.0
CassandraWriteRequest	1500	70	141070.5	2878	0.5091525387746726	141070.5	2942	0.5204749023888418	211.5	51	0.009022508505041105	775.5	0	0.0	775.5	0	0.0
CassandraWriteRequest	1500	71	143071.5	2990	0.5289666750994687	143071.5	2990	0.5289666750994687	214.5	32	0.005661181807084615	786.5	0	0.0	786.5	0	0.0
CassandraWriteRequest	1500	72	145072.5	2835	0.5015453257214026	145072.5	2771	0.4902229621072334	217.5	55	0.009730156230926683	797.5	0	0.0	797.5	0	0.0
CassandraWriteRequest	1500	73	147073.5	2743	0.48526942802603434	147073.5	2743	0.48526942802603434	220.5	41	0.007253389190327163	808.5	0	0.0	808.5	0	0.0
CassandraWriteRequest	1500	74	149074.5	2865	0.5068526836655444	149074.5	2929	0.5181750472797136	223.5	37	0.006545741464441586	819.5	0	0.0	819.5	0	0.0
CassandraWriteRequest	1500	75	151075.5	2923	0.5171135756908852	151075.5	2861	0.5061450359396589	226.5	22	0.003892062492370673	830.5	0	0.0	830.5	0	0.0
CassandraWriteRequest	1500	76	153076.5	2936	0.5194134308000135	153076.5	2997	0.5302050586197684	229.5	24	0.004245886355313461	841.5	0	0.0	841.5	0	0.0
CassandraWriteRequest	1500	77	155077.5	2885	0.5103909222949723	155077.5	2882	0.5098601865005581	232.5	15	0.0026536789720709134	852.5	0	0.0	852.5	0	0.0
CassandraWriteRequest	1500	78	157078.5	2614	0.46244778886622445	157078.5	2554	0.45183307297794084	235.5	19	0.00336132669795649	863.5	0	0.0	863.5	0	0.0
CassandraWriteRequest	1500	79	159079.5	2930	0.518351959211185	159079.5	2983	0.5277282915791689	238.5	25	0.004422798286784855	874.5	0	0.0	874.5	0	0.0
CassandraWriteRequest	1500	80	161080.5	2868	0.5073834194599586	161080.5	2861	0.5061450359396589	241.5	7	0.0012383835202997595	885.5	0	0.0	885.5	0	0.0
CassandraWriteRequest	1500	81	163081.5	2982	0.5275513796476975	163081.5	3000	0.5307357944141826	244.5	10	0.0017691193147139422	896.5	0	0.0	896.5	0	0.0
CassandraWriteRequest	1500	82	165082.5	2835	0.5015453257214026	165082.5	2815	0.4980070870919747	247.5	26	0.00459971021825625	907.5	0	0.0	907.5	0	0.0
CassandraWriteRequest	1500	83	167083.5	2976	0.5264899080588692	167083.5	2996	0.530028146688297	250.5	29	0.005130446012670432	918.5	0	0.0	918.5	0	0.0
CassandraWriteRequest	1500	84	169084.5	2967	0.5248977006756266	169084.5	2905	0.5139291609244002	253.5	15	0.0026536789720709134	929.5	0	0.0	929.5	0	0.0
CassandraWriteRequest	1500	85	171085.5	2888	0.5109216580893865	171085.5	2947	0.5213594620461988	256.5	20	0.0035382386294278844	940.5	0	0.0	940.5	0	0.0
CassandraWriteRequest	1500	86	173086.5	2931	0.5185288711426564	173086.5	2889	0.5110985700208579	259.5	18	0.003184414766485096	951.5	0	0.0	951.5	0	0.0
CassandraWriteRequest	1500	87	175087.5	2763	0.4888076666554622	175087.5	2786	0.4928766410793043	262.5	33	0.005838093738556009	962.5	0	0.0	962.5	0	0.0
CassandraWriteRequest	1500	88	177088.5	2953	0.5224209336350271	177088.5	2970	0.5254284364700408	265.5	35	0.006191917601498798	973.5	0	0.0	973.5	0	0.0
CassandraWriteRequest	1500	89	179089.5	2942	0.5204749023888418	179089.5	2902	0.513398425129986	268.5	20	0.0035382386294278844	984.5	0	0.0	984.5	0	0.0
CassandraWriteRequest	1500	90	181090.5	2842	0.5027837092417023	181090.5	2824	0.4995992944752173	271.5	55	0.009730156230926683	995.5	0	0.0	995.5	0	0.0
CassandraWriteRequest	1500	91	183091.5	2924	0.5172904876223566	183091.5	2938	0.5197672546629561	274.5	34	0.006015005670027403	1006.5	0	0.0	1006.5	0	0.0
CassandraWriteRequest	1500	92	185092.5	2852	0.5045528285564163	185092.5	2874	0.508444891048787	277.5	16	0.0028305909035423074	1017.5	0	0.0	1017.5	0	0.0
CassandraWriteRequest	1500	93	187093.5	2850	0.5041990046934735	187093.5	2813	0.4976532632290319	280.5	4	7.076477258855768E-4	1028.5	0	0.0	1028.5	0	0.0
CassandraWriteRequest	1500	94	189094.5	2936	0.5194134308000135	189094.5	3000	0.5307357944141826	283.5	17	0.0030075028350137014	1039.5	0	0.0	1039.5	0	0.0
CassandraWriteRequest	1500	95	191095.5	2961	0.5238362290867983	191095.5	2961	0.5238362290867983	286.5	3	5.307357944141826E-4	1050.5	0	0.0	1050.5	0	0.0
CassandraWriteRequest	1500	96	193096.5	2941	0.5202979904573704	193096.5	2930	0.518351959211185	289.5	13	0.002299855109128125	1061.5	0	0.0	1061.5	0	0.0
CassandraWriteRequest	1500	97	195097.5	2824	0.4995992944752173	195097.5	2824	0.4995992944752173	292.5	3	5.307357944141826E-4	1072.5	0	0.0	1072.5	0	0.0
CassandraWriteRequest	1500	98	197098.5	2949	0.5217132859091416	197098.5	2916	0.5158751921705855	295.5	5	8.845596573569711E-4	1083.5	0	0.0	1083.5	0	0.0
CassandraWriteRequest	1500	99	199099.5	2865	0.5068526836655444	199099.5	2895	0.5121600416096862	298.5	17	0.0030075028350137014	1094.5	0	0.0	1094.5	0	0.0
CassandraWriteRequest	1500	100	201100.5	2977	0.5266668199903406	201100.5	2991	0.5291435870309401	301.5	7	0.0012383835202997595	1105.5	0	0.0	1105.5	0	0.0
CassandraWriteRequest	1500	101	203101.5	2902	0.513398425129986	203101.5	2900	0.5130446012670432	304.5	4	7.076477258855768E-4	1116.5	0	0.0	1116.5	0	0.0
CassandraWriteRequest	1500	102	205102.5	2998	0.5303819705512398	205102.5	2975	0.5263129961273978	307.5	8	0.0014152954517711537	1127.5	0	0.0	1127.5	0	0.0
CassandraWriteRequest	1500	103	207103.5	2850	0.5041990046934735	207103.5	2875	0.5086218029802584	310.5	10	0.0017691193147139422	1138.5	0	0.0	1138.5	0	0.0
CassandraWriteRequest	1500	104	209104.5	2954	0.5225978455664985	209104.5	2944	0.5208287262517846	313.5	6	0.0010614715888283652	1149.5	0	0.0	1149.5	0	0.0
CassandraWriteRequest	1500	105	211105.5	2869	0.50756033139143	211105.5	2816	0.4981839990234461	316.5	2	3.538238629427884E-4	1160.5	0	0.0	1160.5	0	0.0
CassandraWriteRequest	1500	106	213106.5	2511	0.44422585992467084	213106.5	2511	0.44422585992467084	319.5	12	0.0021229431776567304	1171.5	0	0.0	1171.5	0	0.0
CassandraWriteRequest	1500	107	215107.5	2930	0.518351959211185	215107.5	2968	0.525074612607098	322.5	11	0.0019460312461853364	1182.5	0	0.0	1182.5	0	0.0
CassandraWriteRequest	1500	108	217108.5	2881	0.5096832745690867	217108.5	2904	0.5137522489929288	325.5	3	5.307357944141826E-4	1193.5	0	0.0	1193.5	0	0.0
CassandraWriteRequest	1500	109	219109.5	2998	0.5303819705512398	219109.5	2996	0.530028146688297	328.5	10	0.0017691193147139422	1204.5	0	0.0	1204.5	0	0.0
CassandraWriteRequest	1500	110	221110.5	2780	0.49181516949047593	221110.5	2720	0.48120045360219227	331.5	7	0.0012383835202997595	1215.5	0	0.0	1215.5	0	0.0
CassandraWriteRequest	1500	111	223111.5	2782	0.4921689933534187	223111.5	2833	0.5011915018584598	334.5	8	0.0014152954517711537	1226.5	0	0.0	1226.5	0	0.0
CassandraWriteRequest	1500	112	225112.5	2803	0.49588414391431795	225112.5	2788	0.49323046494224704	337.5	1	1.769119314713942E-4	1237.5	0	0.0	1237.5	0	0.0
CassandraWriteRequest	1500	113	227113.5	2795	0.49446884846254685	227113.5	2807	0.49659179164020356	340.5	7	0.0012383835202997595	1248.5	0	0.0	1248.5	0	0.0
CassandraWriteRequest	1500	114	229114.5	2952	0.5222440217035557	229114.5	2968	0.525074612607098	343.5	9	0.001592207383242548	1259.5	0	0.0	1259.5	0	0.0
CassandraWriteRequest	1500	115	231115.5	2847	0.5036682688990594	231115.5	2839	0.5022529734472881	346.5	4	7.076477258855768E-4	1270.5	0	0.0	1270.5	0	0.0
CassandraWriteRequest	1500	116	233116.5	2942	0.5204749023888418	233116.5	2932	0.5187057830741278	349.5	8	0.0014152954517711537	1281.5	0	0.0	1281.5	0	0.0
CassandraWriteRequest	1500	117	235117.5	2939	0.5199441665944275	235117.5	2951	0.5220671097720844	352.5	7	0.0012383835202997595	1292.5	0	0.0	1292.5	0	0.0
CassandraWriteRequest	1500	118	237118.5	2590	0.45820190251091103	237118.5	2532	0.44794101048557017	355.5	1	1.769119314713942E-4	1303.5	0	0.0	1303.5	0	0.0
CassandraWriteRequest	1500	119	239119.5	2562	0.45324836842971195	239119.5	2620	0.46350926045505286	358.5	0	0.0	1314.5	0	0.0	1314.5	0	0.0
CassandraWriteRequest	1500	120	241120.5	2326	0.41149715260246295	241120.5	2268	0.4012362605771221	361.5	0	0.0	1325.5	0	0.0	1325.5	0	0.0
CassandraWriteRequest	1500	121	243121.5	2797	0.4948226723254896	243121.5	2800	0.4953534081199038	364.5	1	1.769119314713942E-4	1336.5	0	0.0	1336.5	0	0.0
CassandraWriteRequest	1500	122	245122.5	2770	0.49004605017576197	245122.5	2823	0.4994223825437459	367.5	4	7.076477258855768E-4	1347.5	0	0.0	1347.5	0	0.0
CassandraWriteRequest	1500	123	247123.5	2744	0.48544633995750575	247123.5	2708	0.4790775104245355	370.5	6	0.0010614715888283652	1358.5	0	0.0	1358.5	0	0.0
CassandraWriteRequest	1500	124	249124.5	2753	0.48703854734074825	249124.5	2788	0.49323046494224704	373.5	2	3.538238629427884E-4	1369.5	0	0.0	1369.5	0	0.0
CassandraWriteRequest	1500	125	251125.5	2991	0.5291435870309401	251125.5	3000	0.5307357944141826	376.5	2	3.538238629427884E-4	1380.5	0	0.0	1380.5	0	0.0
CassandraWriteRequest	1500	126	253126.5	2771	0.4902229621072334	253126.5	2771	0.4902229621072334	379.5	1	1.769119314713942E-4	1391.5	0	0.0	1391.5	0	0.0
CassandraWriteRequest	1500	127	255127.5	2870	0.5077372433229014	255127.5	2840	0.5024298853787595	382.5	1	1.769119314713942E-4	1402.5	0	0.0	1402.5	0	0.0
CassandraWriteRequest	1500	128	257128.5	2818	0.49853782288638887	257128.5	2841	0.502606797310231	385.5	2	3.538238629427884E-4	1413.5	0	0.0	1413.5	0	0.0
CassandraWriteRequest	1500	129	259129.5	2934	0.5190596069370707	259129.5	2900	0.5130446012670432	388.5	1	1.769119314713942E-4	1424.5	0	0.0	1424.5	0	0.0
CassandraWriteRequest	1500	130	261130.5	2871	0.5079141552543728	261130.5	2912	0.5151675444446999	391.5	0	0.0	1435.5	0	0.0	1435.5	0	0.0
CassandraWriteRequest	1500	131	263131.5	3000	0.5307357944141826	263131.5	3000	0.5307357944141826	394.5	0	0.0	1446.5	0	0.0	1446.5	0	0.0
CassandraWriteRequest	1500	132	265132.5	2845	0.5033144450361166	265132.5	2781	0.4919920814219473	397.5	1	1.769119314713942E-4	1457.5	0	0.0	1457.5	0	0.0
CassandraWriteRequest	1500	133	267133.5	2901	0.5132215131985146	267133.5	2959	0.5234824052238555	400.5	0	0.0	1468.5	0	0.0	1468.5	0	0.0
CassandraWriteRequest	1500	134	269134.5	2943	0.5206518143203132	269134.5	2949	0.5217132859091416	403.5	1	1.769119314713942E-4	1479.5	0	0.0	1479.5	0	0.0
CassandraWriteRequest	1500	135	271135.5	2975	0.5263129961273978	271135.5	2935	0.519236518868542	406.5	0	0.0	1490.5	0	0.0	1490.5	0	0.0
CassandraWriteRequest	1500	136	273136.5	2576	0.4557251354703115	273136.5	2596	0.4592633740997394	409.5	1	1.769119314713942E-4	1501.5	0	0.0	1501.5	0	0.0
CassandraWriteRequest	1500	137	275137.5	2980	0.5271975557847548	275137.5	2999	0.5305588824827112	412.5	0	0.0	1512.5	0	0.0	1512.5	0	0.0
CassandraWriteRequest	1500	138	277138.5	2944	0.5208287262517846	277138.5	2937	0.5195903427314849	415.5	0	0.0	1523.5	0	0.0	1523.5	0	0.0
CassandraWriteRequest	1500	139	279139.5	2982	0.5275513796476975	279139.5	2975	0.5263129961273978	418.5	3	5.307357944141826E-4	1534.5	0	0.0	1534.5	0	0.0
CassandraWriteRequest	1500	140	281140.5	2791	0.49376120073666124	281140.5	2802	0.4957072319828466	421.5	0	0.0	1545.5	0	0.0	1545.5	0	0.0
CassandraWriteRequest	1500	141	283141.5	2983	0.5277282915791689	283141.5	2982	0.5275513796476975	424.5	1	1.769119314713942E-4	1556.5	0	0.0	1556.5	0	0.0
CassandraWriteRequest	1500	142	285142.5	2750	0.4865078115463341	285142.5	2696	0.4769545672468788	427.5	0	0.0	1567.5	0	0.0	1567.5	0	0.0
CassandraWriteRequest	1500	143	287143.5	2937	0.5195903427314849	287143.5	2996	0.530028146688297	430.5	0	0.0	1578.5	0	0.0	1578.5	0	0.0
CassandraWriteRequest	1500	144	289144.5	2995	0.5298512347568257	289144.5	2987	0.5284359393050545	433.5	0	0.0	1589.5	0	0.0	1589.5	0	0.0
CassandraWriteRequest	1500	145	291145.5	2942	0.5204749023888418	291145.5	2886	0.5105678342264437	436.5	0	0.0	1600.5	0	0.0	1600.5	0	0.0
CassandraWriteRequest	1500	146	293146.5	2890	0.5112754819523293	293146.5	2949	0.5217132859091416	439.5	0	0.0	1611.5	0	0.0	1611.5	0	0.0
CassandraWriteRequest	1500	147	295147.5	2986	0.5282590273735831	295147.5	2962	0.5240131410182697	442.5	0	0.0	1622.5	0	0.0	1622.5	0	0.0
CassandraWriteRequest	1500	148	297148.5	2934	0.5190596069370707	297148.5	2961	0.5238362290867983	445.5	0	0.0	1633.5	0	0.0	1633.5	0	0.0
CassandraWriteRequest	1500	149	299149.5	2866	0.5070295955970158	299149.5	2822	0.4992454706122745	448.5	0	0.0	1644.5	0	0.0	1644.5	0	0.0
CassandraWriteRequest	1500	150	301150.5	2772	0.4903998740387048	301150.5	2782	0.4921689933534187	451.5	0	0.0	1655.5	0	0.0	1655.5	0	0.0
CassandraWriteRequest	1500	151	303151.5	2926	0.5176443114852994	303151.5	2926	0.5176443114852994	454.5	0	0.0	1666.5	0	0.0	1666.5	0	0.0
CassandraWriteRequest	1500	152	305152.5	2926	0.5176443114852994	305152.5	2953	0.5224209336350271	457.5	0	0.0	1677.5	0	0.0	1677.5	0	0.0
CassandraWriteRequest	1500	153	307153.5	2890	0.5112754819523293	307153.5	2899	0.5128676893355718	460.5	0	0.0	1688.5	0	0.0	1688.5	0	0.0
CassandraWriteRequest	1500	154	309154.5	3000	0.5307357944141826	309154.5	3000	0.5307357944141826	463.5	0	0.0	1699.5	0	0.0	1699.5	0	0.0
CassandraWriteRequest	1500	155	311155.5	2883	0.5100370984320295	311155.5	2869	0.50756033139143	466.5	0	0.0	1710.5	0	0.0	1710.5	0	0.0
CassandraWriteRequest	1500	156	313156.5	2748	0.4861539876833913	313156.5	2707	0.47890059849306416	469.5	0	0.0	1721.5	0	0.0	1721.5	0	0.0
CassandraWriteRequest	1500	157	315157.5	2740	0.48473869223162014	315157.5	2756	0.48756928313516246	472.5	0	0.0	1732.5	0	0.0	1732.5	0	0.0
CassandraWriteRequest	1500	158	317158.5	2927	0.5178212234167708	317158.5	2949	0.5217132859091416	475.5	0	0.0	1743.5	0	0.0	1743.5	0	0.0
CassandraWriteRequest	1500	159	319159.5	2973	0.525959172264455	319159.5	2959	0.5234824052238555	478.5	0	0.0	1754.5	0	0.0	1754.5	0	0.0
CassandraWriteRequest	1500	160	321160.5	2969	0.5252515245385694	321160.5	3000	0.5307357944141826	481.5	0	0.0	1765.5	0	0.0	1765.5	0	0.0
CassandraWriteRequest	1500	161	323161.5	2901	0.5132215131985146	323161.5	2890	0.5112754819523293	484.5	0	0.0	1776.5	0	0.0	1776.5	0	0.0
CassandraWriteRequest	1500	162	325162.5	2701	0.47783912690423574	325162.5	2671	0.47253176896009397	487.5	0	0.0	1787.5	0	0.0	1787.5	0	0.0
CassandraWriteRequest	1500	163	327163.5	2841	0.502606797310231	327163.5	2882	0.5098601865005581	490.5	0	0.0	1798.5	0	0.0	1798.5	0	0.0
CassandraWriteRequest	1500	164	329164.5	2998	0.5303819705512398	329164.5	2987	0.5284359393050545	493.5	0	0.0	1809.5	0	0.0	1809.5	0	0.0
CassandraWriteRequest	1500	165	331165.5	2829	0.5004838541325742	331165.5	2836	0.5017222376528739	496.5	0	0.0	1820.5	0	0.0	1820.5	0	0.0
CassandraWriteRequest	1500	166	333166.5	2762	0.4886307547239908	333166.5	2763	0.4888076666554622	499.5	0	0.0	1831.5	0	0.0	1831.5	0	0.0
CassandraWriteRequest	1500	167	335167.5	2970	0.5254284364700408	335167.5	2963	0.5241900529497411	502.5	0	0.0	1842.5	0	0.0	1842.5	0	0.0
CassandraWriteRequest	1500	168	337168.5	2981	0.5273744677162261	337168.5	2973	0.525959172264455	505.5	0	0.0	1853.5	0	0.0	1853.5	0	0.0
CassandraWriteRequest	1500	169	339169.5	2974	0.5261360841959264	339169.5	2992	0.5293204989624115	508.5	0	0.0	1864.5	0	0.0	1864.5	0	0.0
CassandraWriteRequest	1500	170	341170.5	2768	0.48969222631281917	341170.5	2704	0.47836986269864995	511.5	0	0.0	1875.5	0	0.0	1875.5	0	0.0
CassandraWriteRequest	1500	171	343171.5	2884	0.5102140103635009	343171.5	2948	0.5215363739776702	514.5	0	0.0	1886.5	0	0.0	1886.5	0	0.0
CassandraWriteRequest	1500	172	345172.5	2985	0.5280821154421117	345172.5	2966	0.5247207887441553	517.5	0	0.0	1897.5	0	0.0	1897.5	0	0.0
CassandraWriteRequest	1500	173	347173.5	2815	0.4980070870919747	347173.5	2832	0.5010145899269884	520.5	0	0.0	1908.5	0	0.0	1908.5	0	0.0
CassandraWriteRequest	1500	174	349174.5	2988	0.5286128512365259	349174.5	2979	0.5270206438532834	523.5	0	0.0	1919.5	0	0.0	1919.5	0	0.0
CassandraWriteRequest	1500	175	351175.5	2579	0.45625587126472567	351175.5	2536	0.4486486582114557	526.5	0	0.0	1930.5	0	0.0	1930.5	0	0.0
CassandraWriteRequest	1500	176	353176.5	2896	0.5123369535411576	353176.5	2942	0.5204749023888418	529.5	0	0.0	1941.5	0	0.0	1941.5	0	0.0
CassandraWriteRequest	1500	177	355177.5	2989	0.5287897631679973	355177.5	2994	0.5296743228253543	532.5	0	0.0	1952.5	0	0.0	1952.5	0	0.0
CassandraWriteRequest	1500	178	357178.5	2904	0.5137522489929288	357178.5	2857	0.5054373882137733	535.5	0	0.0	1963.5	0	0.0	1963.5	0	0.0
CassandraWriteRequest	1500	179	359179.5	2939	0.5199441665944275	359179.5	2978	0.526843731921812	538.5	0	0.0	1974.5	0	0.0	1974.5	0	0.0
CassandraWriteRequest	1500	180	361180.5	2578	0.45607895933325426	361180.5	2585	0.457317342853554	541.5	0	0.0	1985.5	0	0.0	1985.5	0	0.0
CassandraWriteRequest	1500	181	363181.5	2996	0.530028146688297	363181.5	3000	0.5307357944141826	544.5	0	0.0	1996.5	0	0.0	1996.5	0	0.0
CassandraWriteRequest	1500	182	365182.5	2999	0.5305588824827112	365182.5	2998	0.5303819705512398	547.5	0	0.0	2007.5	0	0.0	2007.5	0	0.0
CassandraWriteRequest	1500	183	367183.5	2882	0.5098601865005581	367183.5	2844	0.5031375331046452	550.5	0	0.0	2018.5	0	0.0	2018.5	0	0.0
CassandraWriteRequest	1500	184	369184.5	2898	0.5126907774041004	369184.5	2936	0.5194134308000135	553.5	0	0.0	2029.5	0	0.0	2029.5	0	0.0
CassandraWriteRequest	1500	185	371185.5	2694	0.476600743383936	371185.5	2694	0.476600743383936	556.5	0	0.0	2040.5	0	0.0	2040.5	0	0.0
CassandraWriteRequest	1500	186	373186.5	2999	0.5305588824827112	373186.5	3000	0.5307357944141826	559.5	0	0.0	2051.5	0	0.0	2051.5	0	0.0
CassandraWriteRequest	1500	187	375187.5	2852	0.5045528285564163	375187.5	2847	0.5036682688990594	562.5	0	0.0	2062.5	0	0.0	2062.5	0	0.0
CassandraWriteRequest	1500	188	377188.5	2783	0.4923459052848901	377188.5	2727	0.482438837122492	565.5	0	0.0	2073.5	0	0.0	2073.5	0	0.0
CassandraWriteRequest	1500	189	379189.5	2825	0.49977620640668863	379189.5	2845	0.5033144450361166	568.5	0	0.0	2084.5	0	0.0	2084.5	0	0.0
CassandraWriteRequest	1500	190	381190.5	2952	0.5222440217035557	381190.5	2992	0.5293204989624115	571.5	0	0.0	2095.5	0	0.0	2095.5	0	0.0
CassandraWriteRequest	1500	191	383191.5	2993	0.5294974108938829	383191.5	2985	0.5280821154421117	574.5	0	0.0	2106.5	0	0.0	2106.5	0	0.0
CassandraWriteRequest	1500	192	385192.5	2947	0.5213594620461988	385192.5	2927	0.5178212234167708	577.5	0	0.0	2117.5	0	0.0	2117.5	0	0.0
CassandraWriteRequest	1500	193	387193.5	2491	0.44068762129524297	387193.5	2456	0.4344957036937442	580.5	0	0.0	2128.5	0	0.0	2128.5	0	0.0
CassandraWriteRequest	1500	194	389194.5	2814	0.4978301751605033	389194.5	2877	0.5089756268432012	583.5	0	0.0	2139.5	0	0.0	2139.5	0	0.0
CassandraWriteRequest	1500	195	391195.5	2817	0.49836091095491747	391195.5	2792	0.49393811266813265	586.5	0	0.0	2150.5	0	0.0	2150.5	0	0.0
CassandraWriteRequest	1500	196	393196.5	2974	0.5261360841959264	393196.5	3000	0.5307357944141826	589.5	0	0.0	2161.5	0	0.0	2161.5	0	0.0
CassandraWriteRequest	1500	197	395197.5	2995	0.5298512347568257	395197.5	2970	0.5254284364700408	592.5	0	0.0	2172.5	0	0.0	2172.5	0	0.0
CassandraWriteRequest	1500	198	397198.5	2957	0.5231285813609127	397198.5	2954	0.5225978455664985	595.5	0	0.0	2183.5	0	0.0	2183.5	0	0.0
CassandraWriteRequest	1500	199	399199.5	2297	0.4063667065897925	399199.5	2325	0.41132024067099154	598.5	0	0.0	2194.5	0	0.0	2194.5	0	0.0
